******************************************************* user.XUMS **************************************************************
  TRANSFORM    0.8878 -0.2879  0.3589  0.4454  0.7338 -0.5130 -0.1156  0.6153  0.7797    16.215    84.913    37.570  
 
 Match found in 2qv4_p00     PANCREATIC ALPHA-AMYLASE            
   Pattern 2qv4_p00               Query structure     RMSD=  0.68 A  No. of residues =   3
   ------- -------                --------------- 
    A 459    ASN       matches     A 149    ASN  
    A 460    GLY       matches     A 150    GLY  
    A 461    ASN       matches     A 151    ASN  
  TRANSFORM   -0.5381  0.7773 -0.3258 -0.8043 -0.5892 -0.0773 -0.2520  0.2205  0.9423    74.197    23.966   112.640  
 
 Match found in 1dwo_c01     HYDROXYNITRILE LYASE                
   Pattern 1dwo_c01               Query structure     RMSD=  0.79 A  No. of residues =   3
   ------- -------                --------------- 
    B  80    SER       matches     A  89    SER  
    B 208    ASP       matches     A  21    ASP  
    B 236    HIS       matches     A  87    HIS  
  TRANSFORM   -0.0603 -0.6883  0.7229 -0.4622 -0.6227 -0.6314  0.8847 -0.3722 -0.2806    41.145    -8.058    11.950  
 
 Match found in 1ysc_c01     SERINE CARBOXYPEPTIDASE (CPY, CPD-Y,
   Pattern 1ysc_c01               Query structure     RMSD=  0.90 A  No. of residues =   3
   ------- -------                --------------- 
      146    SER       matches     A  89    SER  
      338    ASP       matches     A  21    ASP  
      397    HIS       matches     A  87    HIS  
  TRANSFORM    0.9352 -0.3489 -0.0603  0.1442  0.2199  0.9648 -0.3234 -0.9110  0.2559     8.042    64.498    10.184  
 
 Match found in 1c4x_c00     2-HYDROXY-6-OXO-6-PHENYLHEXA-2,4-DIE
   Pattern 1c4x_c00               Query structure     RMSD=  0.91 A  No. of residues =   3
   ------- -------                --------------- 
    A 110    SER       matches     A  89    SER  
    A 235    ASP       matches     A  21    ASP  
    A 263    HIS       matches     A  87    HIS  
  TRANSFORM    0.3904  0.4716  0.7907  0.9089 -0.3344 -0.2492  0.1468  0.8159 -0.5592    55.773    19.716   131.126  
 
 Match found in 1dwo_c00     HYDROXYNITRILE LYASE                
   Pattern 1dwo_c00               Query structure     RMSD=  0.95 A  No. of residues =   3
   ------- -------                --------------- 
    A  80    SER       matches     A  89    SER  
    A 208    ASP       matches     A  21    ASP  
    A 236    HIS       matches     A  87    HIS  
  TRANSFORM   -0.7379  0.2264 -0.6357  0.5112  0.8026 -0.3075  0.4406 -0.5519 -0.7080   -24.024     2.059    35.985  
 
 Match found in 3o4g_o02     ACYLAMINO-ACID-RELEASING ENZYME     
   Pattern 3o4g_o02               Query structure     RMSD=  0.96 A  No. of residues =   3
   ------- -------                --------------- 
    C 445    SER       matches     A  89    SER  
    C 524    ASP       matches     A  21    ASP  
    C 556    HIS       matches     A  87    HIS  
  TRANSFORM    0.4197  0.5963  0.6843  0.1335 -0.7863  0.6032  0.8978 -0.1618 -0.4097    72.781   -24.059    46.267  
 
 Match found in 1zoi_c02     ESTERASE                            
   Pattern 1zoi_c02               Query structure     RMSD=  0.97 A  No. of residues =   3
   ------- -------                --------------- 
    C  97    SER       matches     A  89    SER  
    C 227    ASP       matches     A  21    ASP  
    C 256    HIS       matches     A  87    HIS  
  TRANSFORM   -0.1019 -0.9013 -0.4211 -0.0391 -0.4193  0.9070 -0.9940  0.1089  0.0075    -2.693    11.304    12.447  
 
 Match found in 3o4g_o00     ACYLAMINO-ACID-RELEASING ENZYME     
   Pattern 3o4g_o00               Query structure     RMSD=  0.98 A  No. of residues =   3
   ------- -------                --------------- 
    A 445    SER       matches     A  89    SER  
    A 524    ASP       matches     A  21    ASP  
    A 556    HIS       matches     A  87    HIS  
  TRANSFORM   -0.1019 -0.9013 -0.4211 -0.0391 -0.4193  0.9070 -0.9940  0.1089  0.0075    -2.693    11.304    12.447  
 
 Match found in 3o4g_o00     ACYLAMINO-ACID-RELEASING ENZYME     
   Pattern 3o4g_o00               Query structure     RMSD=  0.98 A  No. of residues =   3
   ------- -------                --------------- 
    A 445    SER       matches     A  89    SER  
    A 524    ASP       matches     A  21    ASP  
    A 556    HIS       matches     A  87    HIS  
  TRANSFORM    0.8621  0.0688  0.5020 -0.2770  0.8936  0.3533 -0.4243 -0.4436  0.7894    24.160    61.716    85.681  
 
 Match found in 1qfm_c00     PROLYL OLIGOPEPTIDASE               
   Pattern 1qfm_c00               Query structure     RMSD=  0.99 A  No. of residues =   3
   ------- -------                --------------- 
    A 554    SER       matches     A  89    SER  
    A 641    ASP       matches     A  21    ASP  
    A 680    HIS       matches     A  87    HIS  
  TRANSFORM    0.7934  0.1118 -0.5983 -0.6082  0.1090 -0.7862 -0.0227  0.9877  0.1545   -23.820    13.897    23.135  
 
 Match found in 1pfq_c00     DIPEPTIDYL PEPTIDASE IV SOLUBLE FORM
   Pattern 1pfq_c00               Query structure     RMSD=  0.99 A  No. of residues =   3
   ------- -------                --------------- 
    A 630    SER       matches     A  89    SER  
    A 708    ASP       matches     A  21    ASP  
    A 740    HIS       matches     A  87    HIS  
  TRANSFORM    0.0625 -0.4372  0.8972  0.5883  0.7423  0.3207 -0.8062  0.5078  0.3036    30.958    29.185   102.351  
 
 Match found in 1azw_c00     PROLINE IMINOPEPTIDASE              
   Pattern 1azw_c00               Query structure     RMSD=  1.01 A  No. of residues =   3
   ------- -------                --------------- 
    A 110    SER       matches     A  89    SER  
    A 266    ASP       matches     A  21    ASP  
    A 294    HIS       matches     A  87    HIS  
  TRANSFORM   -0.7428 -0.6673 -0.0551  0.6690 -0.7364 -0.1009  0.0268 -0.1118  0.9934    12.836     1.891    23.924  
 
 Match found in 2lip_c00     LIPASE                              
   Pattern 2lip_c00               Query structure     RMSD=  1.02 A  No. of residues =   3
   ------- -------                --------------- 
       87    SER       matches     A  89    SER  
      264    ASP       matches     A  21    ASP  
      286    HIS       matches     A  87    HIS  
  TRANSFORM    0.6256  0.6894 -0.3653 -0.2552  0.6233  0.7392  0.7372 -0.3692  0.5659     3.848    68.094   -11.063  
 
 Match found in 2qs9_o01     RETINOBLASTOMA-BINDING PROTEIN 9    
   Pattern 2qs9_o01               Query structure     RMSD=  1.02 A  No. of residues =   3
   ------- -------                --------------- 
    B  75    SER       matches     A  89    SER  
    B 138    ASP       matches     A  21    ASP  
    B 165    HIS       matches     A  87    HIS  
  TRANSFORM    0.2057 -0.4017  0.8924  0.1486 -0.8885 -0.4342  0.9673  0.2219 -0.1231    -6.501    -5.138     0.794  
 
 Match found in 2qs9_o00     RETINOBLASTOMA-BINDING PROTEIN 9    
   Pattern 2qs9_o00               Query structure     RMSD=  1.02 A  No. of residues =   3
   ------- -------                --------------- 
    A  75    SER       matches     A  89    SER  
    A 138    ASP       matches     A  21    ASP  
    A 165    HIS       matches     A  87    HIS  
  TRANSFORM    0.1244 -0.1832 -0.9752  0.5423  0.8356 -0.0878  0.8309 -0.5179  0.2033    37.761    98.999    23.441  
 
 Match found in 2qv4_p00     PANCREATIC ALPHA-AMYLASE            
   Pattern 2qv4_p00               Query structure     RMSD=  1.04 A  No. of residues =   3
   ------- -------                --------------- 
    A 459    ASN       matches     A 185    ASN  
    A 460    GLY       matches     A 183    GLY  
    A 461    ASN       matches     A 187    ASN  
  TRANSFORM    0.2652  0.9633  0.0416  0.7876 -0.2414  0.5669  0.5561 -0.1176 -0.8227    48.110     1.618     3.907  
 
 Match found in 1jkm_c00     BREFELDIN A ESTERASE                
   Pattern 1jkm_c00               Query structure     RMSD=  1.04 A  No. of residues =   3
   ------- -------                --------------- 
    A 202    SER       matches     A  89    SER  
    A 308    ASP       matches     A  21    ASP  
    A 338    HIS       matches     A  87    HIS  
  TRANSFORM   -0.3005 -0.0903  0.9495 -0.9477 -0.0837 -0.3079  0.1073 -0.9924 -0.0604    15.409    26.281    19.802  
 
 Match found in 1pfq_c01     DIPEPTIDYL PEPTIDASE IV SOLUBLE FORM
   Pattern 1pfq_c01               Query structure     RMSD=  1.04 A  No. of residues =   3
   ------- -------                --------------- 
    B 630    SER       matches     A  89    SER  
    B 708    ASP       matches     A  21    ASP  
    B 740    HIS       matches     A  87    HIS  
  TRANSFORM   -0.7180  0.6885 -0.1026 -0.5469 -0.4667  0.6951  0.4307  0.5551  0.7116    63.576     7.749     9.560  
 
 Match found in 1a8q_c00     BROMOPEROXIDASE A1                  
   Pattern 1a8q_c00               Query structure     RMSD=  1.05 A  No. of residues =   3
   ------- -------                --------------- 
       94    SER       matches     A  89    SER  
      223    ASP       matches     A  21    ASP  
      252    HIS       matches     A  87    HIS  
  TRANSFORM   -0.3840  0.0235  0.9230 -0.9221  0.0407 -0.3847 -0.0466 -0.9989  0.0060    42.568    85.074   -10.902  
 
 Match found in 1a7u_c03     CHLOROPEROXIDASE T                  
   Pattern 1a7u_c03               Query structure     RMSD=  1.06 A  No. of residues =   3
   ------- -------                --------------- 
    B  98    SER       matches     A  89    SER  
    B 228    ASP       matches     A  21    ASP  
    B 257    HIS       matches     A  87    HIS  
  TRANSFORM    0.3829  0.5908  0.7102 -0.8680  0.4933  0.0576 -0.3163 -0.6384  0.7017    72.489    21.715    30.648  
 
 Match found in 1zoi_c01     ESTERASE                            
   Pattern 1zoi_c01               Query structure     RMSD=  1.06 A  No. of residues =   3
   ------- -------                --------------- 
    B  97    SER       matches     A  89    SER  
    B 227    ASP       matches     A  21    ASP  
    B 256    HIS       matches     A  87    HIS  
  TRANSFORM    0.2778 -0.0099 -0.9606  0.4896 -0.8589  0.1505 -0.8265 -0.5121 -0.2337     9.325    39.982     5.047  
 
 Match found in 1ddj_c12     PLASMINOGEN                         
   Pattern 1ddj_c12               Query structure     RMSD=  1.07 A  No. of residues =   3
   ------- -------                --------------- 
    A 603    HIS       matches     A  87    HIS  
    A 646    ASP       matches     A  21    ASP  
    A 739    GLY       matches     A 139    GLY  
  TRANSFORM   -0.4571 -0.1847 -0.8700  0.3843  0.8412 -0.3805  0.8021 -0.5083 -0.3135    49.983    36.587    12.147  
 
 Match found in 1azw_c01     PROLINE IMINOPEPTIDASE              
   Pattern 1azw_c01               Query structure     RMSD=  1.07 A  No. of residues =   3
   ------- -------                --------------- 
    B 110    SER       matches     A  89    SER  
    B 266    ASP       matches     A  21    ASP  
    B 294    HIS       matches     A  87    HIS  
  TRANSFORM   -0.8085 -0.5839  0.0729 -0.3170  0.3277 -0.8900  0.4958 -0.7427 -0.4501    15.070    45.594    10.247  
 
 Match found in 1a7u_c02     CHLOROPEROXIDASE T                  
   Pattern 1a7u_c02               Query structure     RMSD=  1.07 A  No. of residues =   3
   ------- -------                --------------- 
    A  98    SER       matches     A  89    SER  
    A 228    ASP       matches     A  21    ASP  
    A 257    HIS       matches     A  87    HIS  
  TRANSFORM    0.3581  0.6189  0.6991  0.7138  0.3012 -0.6323 -0.6019  0.7254 -0.3339    73.434    12.369    78.960  
 
 Match found in 1zoi_c00     ESTERASE                            
   Pattern 1zoi_c00               Query structure     RMSD=  1.07 A  No. of residues =   3
   ------- -------                --------------- 
    A  97    SER       matches     A  89    SER  
    A 227    ASP       matches     A  21    ASP  
    A 256    HIS       matches     A  87    HIS  
  TRANSFORM   -0.6114 -0.5333 -0.5847 -0.7023  0.0251  0.7115 -0.3647  0.8456 -0.3899     1.149   121.888     9.829  
 
 Match found in 2qv4_p00     PANCREATIC ALPHA-AMYLASE            
   Pattern 2qv4_p00               Query structure     RMSD=  1.08 A  No. of residues =   3
   ------- -------                --------------- 
    A 459    ASN       matches     A 151    ASN  
    A 460    GLY       matches     A 150    GLY  
    A 461    ASN       matches     A 149    ASN  
  TRANSFORM    0.8354  0.5364 -0.1202 -0.5127  0.6816 -0.5220 -0.1981  0.4977  0.8444    42.523    13.890    16.633  
 
 Match found in 1lio_c01     ADENOSINE KINASE                    
   Pattern 1lio_c01               Query structure     RMSD=  1.09 A  No. of residues =   3
   ------- -------                --------------- 
    A 316    ALA       matches     A 181    ALA  
    A 317    GLY       matches     A 183    GLY  
    A 318    ASP       matches     A 184    ASP  
  TRANSFORM    0.1762  0.8404  0.5125 -0.9547  0.0190  0.2971  0.2399 -0.5416  0.8057   -19.405    56.987   -30.189  
 
 Match found in 1ddj_c13     PLASMINOGEN                         
   Pattern 1ddj_c13               Query structure     RMSD=  1.10 A  No. of residues =   3
   ------- -------                --------------- 
    B 603    HIS       matches     A  87    HIS  
    B 646    ASP       matches     A  21    ASP  
    B 739    GLY       matches     A 139    GLY  
  TRANSFORM    0.4439 -0.8656  0.2319  0.8795  0.4703  0.0722 -0.1715  0.1719  0.9701    48.199    -5.567    34.369  
 
 Match found in 1jkm_c01     BREFELDIN A ESTERASE                
   Pattern 1jkm_c01               Query structure     RMSD=  1.10 A  No. of residues =   3
   ------- -------                --------------- 
    B 202    SER       matches     A  89    SER  
    B 308    ASP       matches     A  21    ASP  
    B 338    HIS       matches     A  87    HIS  
  TRANSFORM    0.1398  0.4403 -0.8869  0.9392  0.2246  0.2595  0.3135 -0.8693 -0.3822   -39.532   -27.774    11.354  
 
 Match found in 3zwq_o01     ALPHA/BETA HYDROLASE FOLD-3 DOMAIN P
   Pattern 3zwq_o01               Query structure     RMSD=  1.11 A  No. of residues =   3
   ------- -------                --------------- 
    B 157    SER       matches     A  89    SER  
    B 254    ASP       matches     A  21    ASP  
    B 284    HIS       matches     A  87    HIS  
  TRANSFORM   -0.1397 -0.9835  0.1152  0.9338 -0.0921  0.3459 -0.3295  0.1559  0.9312     3.789    64.962    73.901  
 
 Match found in 1a8s_c00     CHLOROPEROXIDASE F                  
   Pattern 1a8s_c00               Query structure     RMSD=  1.11 A  No. of residues =   3
   ------- -------                --------------- 
       94    SER       matches     A  89    SER  
      224    ASP       matches     A  21    ASP  
      253    HIS       matches     A  87    HIS  
  TRANSFORM    0.3063  0.4516  0.8380  0.0664 -0.8883  0.4544  0.9496 -0.0835 -0.3021    -3.355     6.880     3.016  
 
 Match found in 2tdt_c00     TETRAHYDRODIPICOLINATE N-SUCCINYLTRA
   Pattern 2tdt_c00               Query structure     RMSD=  1.12 A  No. of residues =   3
   ------- -------                --------------- 
      141    ASP       matches     A 133    ASP  
      166    GLY       matches     A 210    GLY  
      169    GLU       matches     A 215    GLU  
  TRANSFORM   -0.4595 -0.4382  0.7725  0.8399  0.0686  0.5384 -0.2889  0.8962  0.3366   -13.028   -23.516    26.635  
 
 Match found in 3zwq_o00     ALPHA/BETA HYDROLASE FOLD-3 DOMAIN P
   Pattern 3zwq_o00               Query structure     RMSD=  1.13 A  No. of residues =   3
   ------- -------                --------------- 
    A 157    SER       matches     A  89    SER  
    A 254    ASP       matches     A  21    ASP  
    A 284    HIS       matches     A  87    HIS  
  TRANSFORM    0.2282  0.0254 -0.9733  0.5440 -0.8324  0.1059 -0.8075 -0.5536 -0.2037     8.071    38.280    67.493  
 
 Match found in 1ddj_c14     PLASMINOGEN                         
   Pattern 1ddj_c14               Query structure     RMSD=  1.15 A  No. of residues =   3
   ------- -------                --------------- 
    C 603    HIS       matches     A  87    HIS  
    C 646    ASP       matches     A  21    ASP  
    C 739    GLY       matches     A 139    GLY  
  TRANSFORM    0.1863 -0.7969 -0.5746 -0.9092 -0.3615  0.2067 -0.3724  0.4840 -0.7919     1.951   -46.513     2.935  
 
 Match found in 1tah_c01     LIPASE                              
   Pattern 1tah_c01               Query structure     RMSD=  1.15 A  No. of residues =   3
   ------- -------                --------------- 
    A  87    SER       matches     A  89    SER  
    A 263    ASP       matches     A  21    ASP  
    A 285    HIS       matches     A  87    HIS  
  TRANSFORM    0.5043 -0.5823 -0.6376  0.6382  0.7488 -0.1791  0.5817 -0.3166  0.7492    -0.487   -97.930   -17.618  
 
 Match found in 1tah_c00     LIPASE                              
   Pattern 1tah_c00               Query structure     RMSD=  1.16 A  No. of residues =   3
   ------- -------                --------------- 
    B  87    SER       matches     A  89    SER  
    B 263    ASP       matches     A  21    ASP  
    B 285    HIS       matches     A  87    HIS  
  TRANSFORM   -0.8657  0.4116  0.2847  0.2833 -0.0660  0.9568  0.4126  0.9090 -0.0595    -9.738   -56.583   -10.124  
 
 Match found in 1tah_c03     LIPASE                              
   Pattern 1tah_c03               Query structure     RMSD=  1.16 A  No. of residues =   3
   ------- -------                --------------- 
    D  87    SER       matches     A  89    SER  
    D 263    ASP       matches     A  21    ASP  
    D 285    HIS       matches     A  87    HIS  
  TRANSFORM   -0.4871 -0.3689  0.7916  0.8728 -0.2362  0.4270  0.0295  0.8989  0.4371    -2.951   -82.637    32.505  
 
 Match found in 1tah_c02     LIPASE                              
   Pattern 1tah_c02               Query structure     RMSD=  1.16 A  No. of residues =   3
   ------- -------                --------------- 
    C  87    SER       matches     A  89    SER  
    C 263    ASP       matches     A  21    ASP  
    C 285    HIS       matches     A  87    HIS  
  TRANSFORM   -0.7623 -0.2760  0.5854  0.5938  0.0618  0.8023 -0.2576  0.9592  0.1167     3.400    10.883     2.866  
 
 Match found in 1nww_c03     LIMONENE-1,2-EPOXIDE HYDROLASE      
   Pattern 1nww_c03               Query structure     RMSD=  1.20 A  No. of residues =   3
   ------- -------                --------------- 
    B  99    ARG       matches     A 127    ARG  
    B 101    ASP       matches     A 110    ASP  
    B 132    ASP       matches     A 108    ASP  
  TRANSFORM    0.3018  0.8228  0.4815 -0.9332  0.1516  0.3258  0.1951 -0.5477  0.8136    22.502    27.342    12.919  
 
 Match found in 2xmz_o00     HYDROLASE, ALPHA/BETA HYDROLASE FOLD
   Pattern 2xmz_o00               Query structure     RMSD=  1.21 A  No. of residues =   3
   ------- -------                --------------- 
    A  89    SER       matches     A  94    SER  
    A 216    ASP       matches     A  21    ASP  
    A 243    HIS       matches     A  87    HIS  
  TRANSFORM   -0.8447  0.2078  0.4933  0.0849 -0.8579  0.5068  0.5285  0.4699  0.7070    -7.082    95.492     1.304  
 
 Match found in 2qv4_p00     PANCREATIC ALPHA-AMYLASE            
   Pattern 2qv4_p00               Query structure     RMSD=  1.21 A  No. of residues =   3
   ------- -------                --------------- 
    A 459    ASN       matches     A 187    ASN  
    A 460    GLY       matches     A 183    GLY  
    A 461    ASN       matches     A 185    ASN  
  TRANSFORM    0.7524  0.2828 -0.5949 -0.6263  0.0274 -0.7791 -0.2041  0.9588  0.1978    19.390    13.418     2.620  
 
 Match found in 1nww_c02     LIMONENE-1,2-EPOXIDE HYDROLASE      
   Pattern 1nww_c02               Query structure     RMSD=  1.22 A  No. of residues =   3
   ------- -------                --------------- 
    A  99    ARG       matches     A 127    ARG  
    A 101    ASP       matches     A 110    ASP  
    A 132    ASP       matches     A 108    ASP  
  TRANSFORM   -0.4538  0.1660  0.8755 -0.8422  0.2413 -0.4822 -0.2913 -0.9561  0.0303    57.567    63.647    46.095  
 
 Match found in 1a0j_c01     TRYPSIN                             
   Pattern 1a0j_c01               Query structure     RMSD=  1.25 A  No. of residues =   3
   ------- -------                --------------- 
    B  57    HIS       matches     A  87    HIS  
    B 102    ASP       matches     A  21    ASP  
    B 195    SER       matches     A  96    SER  
  TRANSFORM    0.6314  0.7472  0.2075 -0.7583  0.6509 -0.0361 -0.1620 -0.1345  0.9776     6.290    38.135    99.981  
 
 Match found in 1a0j_c03     TRYPSIN                             
   Pattern 1a0j_c03               Query structure     RMSD=  1.25 A  No. of residues =   3
   ------- -------                --------------- 
    D  57    HIS       matches     A  87    HIS  
    D 102    ASP       matches     A  21    ASP  
    D 195    SER       matches     A  96    SER  
  TRANSFORM    0.3582 -0.8821 -0.3061  0.9317  0.3590  0.0556  0.0608 -0.3051  0.9504     6.237    27.974    59.296  
 
 Match found in 1a0j_c00     TRYPSIN                             
   Pattern 1a0j_c00               Query structure     RMSD=  1.25 A  No. of residues =   3
   ------- -------                --------------- 
    A  57    HIS       matches     A  87    HIS  
    A 102    ASP       matches     A  21    ASP  
    A 195    SER       matches     A  96    SER  
  TRANSFORM    0.8030  0.2600  0.5362  0.5957 -0.3268 -0.7337 -0.0155  0.9086 -0.4173    -5.149     0.307     3.987  
 
 Match found in 2tdt_c00     TETRAHYDRODIPICOLINATE N-SUCCINYLTRA
   Pattern 2tdt_c00               Query structure     RMSD=  1.25 A  No. of residues =   3
   ------- -------                --------------- 
      141    ASP       matches     A  84    ASP  
      166    GLY       matches     A 217    GLY  
      169    GLU       matches     A 215    GLU  
  TRANSFORM   -0.3954  0.2073 -0.8948 -0.9171 -0.0344  0.3972  0.0516  0.9777  0.2037    42.101    59.720    85.557  
 
 Match found in 1a0j_c02     TRYPSIN                             
   Pattern 1a0j_c02               Query structure     RMSD=  1.26 A  No. of residues =   3
   ------- -------                --------------- 
    C  57    HIS       matches     A  87    HIS  
    C 102    ASP       matches     A  21    ASP  
    C 195    SER       matches     A  96    SER  
  TRANSFORM   -0.0550  0.7880 -0.6132  0.6009  0.5166  0.6100  0.7974 -0.3349 -0.5019     5.096    24.337    21.485  
 
 Match found in 1rtf_c03     TWO CHAIN TISSUE PLASMINOGEN ACTIVAT
   Pattern 1rtf_c03               Query structure     RMSD=  1.27 A  No. of residues =   3
   ------- -------                --------------- 
    B  57    HIS       matches     A  87    HIS  
    B 102    ASP       matches     A  21    ASP  
    B 195    SER       matches     A  96    SER  
  TRANSFORM   -0.7600 -0.2519  0.5991  0.6039  0.0671  0.7942 -0.2403  0.9654  0.1011     3.228    11.184     3.023  
 
 Match found in 1nu3_c01     LIMONENE-1,2-EPOXIDE HYDROLASE      
   Pattern 1nu3_c01               Query structure     RMSD=  1.28 A  No. of residues =   3
   ------- -------                --------------- 
    B  99    ARG       matches     A 127    ARG  
    B 101    ASP       matches     A 110    ASP  
    B 132    ASP       matches     A 108    ASP  
  TRANSFORM   -0.3065 -0.8995 -0.3115  0.6995  0.0091 -0.7146  0.6456 -0.4369  0.6264   152.545    46.637     3.912  
 
 Match found in 1lij_c01     ADENOSINE KINASE                    
   Pattern 1lij_c01               Query structure     RMSD=  1.28 A  No. of residues =   3
   ------- -------                --------------- 
    A 316    ALA       matches     A 181    ALA  
    A 317    GLY       matches     A 183    GLY  
    A 318    ASP       matches     A 184    ASP  
  TRANSFORM    0.1204 -0.9660  0.2287  0.3172  0.2558  0.9132 -0.9407 -0.0374  0.3372    21.939    36.577    73.398  
 
 Match found in 1m53_c06     ISOMALTULOSE SYNTHASE               
   Pattern 1m53_c06               Query structure     RMSD=  1.29 A  No. of residues =   3
   ------- -------                --------------- 
    A 241    ASP       matches     A 108    ASP  
    A 279    GLU       matches     A 102    GLU  
    A 369    ASP       matches     A 110    ASP  
  TRANSFORM   -0.1429  0.9085  0.3927 -0.9749 -0.0608 -0.2142 -0.1708 -0.4134  0.8944    31.817    24.692    22.054  
 
 Match found in 2xmz_o00     HYDROLASE, ALPHA/BETA HYDROLASE FOLD
   Pattern 2xmz_o00               Query structure     RMSD=  1.29 A  No. of residues =   3
   ------- -------                --------------- 
    A  89    SER       matches     A  89    SER  
    A 216    ASP       matches     A  21    ASP  
    A 243    HIS       matches     A  87    HIS  
  TRANSFORM    0.7443  0.2818 -0.6055 -0.6429  0.0568 -0.7638 -0.1809  0.9578  0.2234    19.429    12.980     2.802  
 
 Match found in 1nu3_c00     LIMONENE-1,2-EPOXIDE HYDROLASE      
   Pattern 1nu3_c00               Query structure     RMSD=  1.31 A  No. of residues =   3
   ------- -------                --------------- 
    A  99    ARG       matches     A 127    ARG  
    A 101    ASP       matches     A 110    ASP  
    A 132    ASP       matches     A 108    ASP  
  TRANSFORM   -0.7807 -0.1460 -0.6077  0.5553 -0.6082 -0.5673 -0.2868 -0.7803  0.5558    56.236    25.835    49.280  
 
 Match found in 1a0j_c01     TRYPSIN                             
   Pattern 1a0j_c01               Query structure     RMSD=  1.31 A  No. of residues =   3
   ------- -------                --------------- 
    B  57    HIS       matches     A  87    HIS  
    B 102    ASP       matches     A  21    ASP  
    B 195    SER       matches     A  89    SER  
  TRANSFORM   -0.2120  0.9475  0.2392  0.3282 -0.1615  0.9307  0.9205  0.2758 -0.2768    36.656    45.149     2.470  
 
 Match found in 1qj4_c00     HYDROXYNITRILE LYASE                
   Pattern 1qj4_c00               Query structure     RMSD=  1.32 A  No. of residues =   3
   ------- -------                --------------- 
    A  80    SER       matches     A  89    SER  
    A 207    ASP       matches     A  21    ASP  
    A 235    HIS       matches     A  87    HIS  
  TRANSFORM   -0.0130  0.9675 -0.2524  0.2429 -0.2418 -0.9394 -0.9700 -0.0735 -0.2319    20.549     5.468   113.230  
 
 Match found in 1a0j_c03     TRYPSIN                             
   Pattern 1a0j_c03               Query structure     RMSD=  1.32 A  No. of residues =   3
   ------- -------                --------------- 
    D  57    HIS       matches     A  87    HIS  
    D 102    ASP       matches     A  21    ASP  
    D 195    SER       matches     A  89    SER  
  TRANSFORM    0.8472  0.4254  0.3182  0.5238 -0.7690 -0.3664  0.0888  0.4771 -0.8744     9.464    30.825    19.697  
 
 Match found in 1qj4_c00     HYDROXYNITRILE LYASE                
   Pattern 1qj4_c00               Query structure     RMSD=  1.33 A  No. of residues =   3
   ------- -------                --------------- 
    A  80    SER       matches     A  96    SER  
    A 207    ASP       matches     A  21    ASP  
    A 235    HIS       matches     A  87    HIS  
  TRANSFORM    0.2865  0.0103  0.9580  0.9532 -0.1041 -0.2839  0.0968  0.9945 -0.0397     5.508     5.084   -56.100  
 
 Match found in 1tz3_c03     PUTATIVE SUGAR KINASE               
   Pattern 1tz3_c03               Query structure     RMSD=  1.33 A  No. of residues =   3
   ------- -------                --------------- 
    B 250    ALA       matches     A 181    ALA  
    B 251    GLY       matches     A 183    GLY  
    B 252    ASP       matches     A 184    ASP  
  TRANSFORM    0.9306 -0.3168 -0.1831 -0.3599 -0.7024 -0.6141  0.0659  0.6374 -0.7677    11.764    37.978    78.822  
 
 Match found in 1a0j_c02     TRYPSIN                             
   Pattern 1a0j_c02               Query structure     RMSD=  1.33 A  No. of residues =   3
   ------- -------                --------------- 
    C  57    HIS       matches     A  87    HIS  
    C 102    ASP       matches     A  21    ASP  
    C 195    SER       matches     A  89    SER  
  TRANSFORM    0.1241  0.9229  0.3645  0.0292  0.3638 -0.9310 -0.9918  0.1261  0.0182    -7.063    41.162     9.486  
 
 Match found in 1hkd_p00     PEA LECTIN ALPHA CHAIN              
   Pattern 1hkd_p00               Query structure     RMSD=  1.34 A  No. of residues =   3
   ------- -------                --------------- 
    A  81    ASP       matches     A  21    ASP  
    A  99    GLY       matches     A  22    GLY  
    A 125    ASN       matches     A  19    ASN  
  TRANSFORM    0.0489 -0.2684  0.9621  0.0165  0.9633  0.2680 -0.9987  0.0027  0.0516    22.885    53.900    81.271  
 
 Match found in 1a0j_c00     TRYPSIN                             
   Pattern 1a0j_c00               Query structure     RMSD=  1.34 A  No. of residues =   3
   ------- -------                --------------- 
    A  57    HIS       matches     A  87    HIS  
    A 102    ASP       matches     A  21    ASP  
    A 195    SER       matches     A  89    SER  
  TRANSFORM   -0.8468 -0.2290  0.4800 -0.4888 -0.0206 -0.8722  0.2096 -0.9732 -0.0945     1.549   -11.436    12.928  
 
 Match found in 1tz3_c02     PUTATIVE SUGAR KINASE               
   Pattern 1tz3_c02               Query structure     RMSD=  1.34 A  No. of residues =   3
   ------- -------                --------------- 
    A 250    ALA       matches     A 181    ALA  
    A 251    GLY       matches     A 183    GLY  
    A 252    ASP       matches     A 184    ASP  
  TRANSFORM   -0.6705  0.6432 -0.3698  0.6580  0.7458  0.1042  0.3428 -0.1734 -0.9233    98.803    65.301    50.161  
 
 Match found in 1sca_c00     SUBTILISIN CARLSBERG (E.C.3.4.21.62)
   Pattern 1sca_c00               Query structure     RMSD=  1.34 A  No. of residues =   3
   ------- -------                --------------- 
       32    ASP       matches     A  21    ASP  
       64    HIS       matches     A  87    HIS  
      221    SER       matches     A  96    SER  
  TRANSFORM    0.4129  0.5683  0.7117 -0.2463  0.8220 -0.5134 -0.8768  0.0367  0.4794     0.874    12.783    12.708  
 
 Match found in 2tdt_c00     TETRAHYDRODIPICOLINATE N-SUCCINYLTRA
   Pattern 2tdt_c00               Query structure     RMSD=  1.36 A  No. of residues =   3
   ------- -------                --------------- 
      141    ASP       matches     A  84    ASP  
      166    GLY       matches     A 217    GLY  
      169    GLU       matches     A 155    GLU  
  TRANSFORM    0.8089  0.3219 -0.4920 -0.4585  0.8692 -0.1852  0.3680  0.3754  0.8506   -16.914    47.363    42.048  
 
 Match found in 1rtf_c03     TWO CHAIN TISSUE PLASMINOGEN ACTIVAT
   Pattern 1rtf_c03               Query structure     RMSD=  1.37 A  No. of residues =   3
   ------- -------                --------------- 
    B  57    HIS       matches     A  87    HIS  
    B 102    ASP       matches     A  21    ASP  
    B 195    SER       matches     A  89    SER  
  TRANSFORM   -0.8381 -0.1665 -0.5195 -0.1798 -0.8148  0.5511 -0.5151  0.5553  0.6530    44.816    42.045     3.846  
 
 Match found in 1uok_c05     OLIGO-1,6-GLUCOSIDASE               
   Pattern 1uok_c05               Query structure     RMSD=  1.37 A  No. of residues =   3
   ------- -------                --------------- 
      199    ASP       matches     A 108    ASP  
      242    GLU       matches     A 102    GLU  
      329    ASP       matches     A 110    ASP  
  TRANSFORM   -0.4037 -0.3130  0.8597  0.9149 -0.1431  0.3775  0.0049  0.9389  0.3442     9.868    16.550     7.630  
 
 Match found in 1nww_c03     LIMONENE-1,2-EPOXIDE HYDROLASE      
   Pattern 1nww_c03               Query structure     RMSD=  1.38 A  No. of residues =   3
   ------- -------                --------------- 
    B  99    ARG       matches     A 127    ARG  
    B 101    ASP       matches     A 110    ASP  
    B 132    ASP       matches     A  74    ASP  
  TRANSFORM    0.0753 -0.5819 -0.8097 -0.1125 -0.8118  0.5730 -0.9908  0.0479 -0.1266    46.809    16.889    20.666  
 
 Match found in 1q6l_c05     3-KETO-L-GULONATE 6-PHOSPHATE DECARB
   Pattern 1q6l_c05               Query structure     RMSD=  1.38 A  No. of residues =   3
   ------- -------                --------------- 
    A  67    ASP       matches     A  48    ASP  
    A  68    ALA       matches     A  36    ALA  
    A  72    LEU       matches     A  35    LEU  
  TRANSFORM    0.3925  0.3212 -0.8619 -0.9154  0.2278 -0.3320  0.0897  0.9192  0.3834    12.907     8.338     7.932  
 
 Match found in 1nww_c02     LIMONENE-1,2-EPOXIDE HYDROLASE      
   Pattern 1nww_c02               Query structure     RMSD=  1.38 A  No. of residues =   3
   ------- -------                --------------- 
    A  99    ARG       matches     A 127    ARG  
    A 101    ASP       matches     A 110    ASP  
    A 132    ASP       matches     A  74    ASP  
  TRANSFORM   -0.2259 -0.4096  0.8839 -0.8968  0.4418 -0.0245 -0.3805 -0.7982 -0.4671    45.685    48.233    -2.747  
 
 Match found in 1tde_c00     THIOREDOXIN REDUCTASE (E.C.1.6.4.5) 
   Pattern 1tde_c00               Query structure     RMSD=  1.39 A  No. of residues =   3
   ------- -------                --------------- 
      135    CYH       matches     A  23    CYH  
      138    CYH       matches     A  13    CYH  
      139    ASP       matches     A  17    ASP  
  TRANSFORM    0.7514  0.2043  0.6274 -0.5466 -0.3400  0.7653  0.3697 -0.9180 -0.1438    -5.045    11.182    -3.852  
 
 Match found in 2tdt_c00     TETRAHYDRODIPICOLINATE N-SUCCINYLTRA
   Pattern 2tdt_c00               Query structure     RMSD=  1.42 A  No. of residues =   3
   ------- -------                --------------- 
      141    ASP       matches     A  84    ASP  
      166    GLY       matches     A 210    GLY  
      169    GLU       matches     A 215    GLU  
  TRANSFORM   -0.3938 -0.2947  0.8707  0.9192 -0.1336  0.3705  0.0072  0.9462  0.3235     9.870    16.730     7.556  
 
 Match found in 1nu3_c01     LIMONENE-1,2-EPOXIDE HYDROLASE      
   Pattern 1nu3_c01               Query structure     RMSD=  1.42 A  No. of residues =   3
   ------- -------                --------------- 
    B  99    ARG       matches     A 127    ARG  
    B 101    ASP       matches     A 110    ASP  
    B 132    ASP       matches     A  74    ASP  
  TRANSFORM    0.3845  0.3270 -0.8633 -0.9160  0.2508 -0.3130  0.1142  0.9111  0.3960    12.891     8.207     8.192  
 
 Match found in 1nu3_c00     LIMONENE-1,2-EPOXIDE HYDROLASE      
   Pattern 1nu3_c00               Query structure     RMSD=  1.43 A  No. of residues =   3
   ------- -------                --------------- 
    A  99    ARG       matches     A 127    ARG  
    A 101    ASP       matches     A 110    ASP  
    A 132    ASP       matches     A  74    ASP  
  TRANSFORM   -0.9149 -0.3129  0.2552 -0.3973  0.5850 -0.7070  0.0719 -0.7482 -0.6595    56.693    26.756    18.993  
 
 Match found in 1uok_c04     OLIGO-1,6-GLUCOSIDASE               
   Pattern 1uok_c04               Query structure     RMSD=  1.43 A  No. of residues =   3
   ------- -------                --------------- 
      199    ASP       matches     A  48    ASP  
      218    GLU       matches     A 196    GLU  
      329    ASP       matches     A  74    ASP  
  TRANSFORM    0.5889  0.8082 -0.0052  0.8081 -0.5889 -0.0161 -0.0160  0.0053 -0.9999    25.812   120.710    14.461  
 
 Match found in 2qv4_p00     PANCREATIC ALPHA-AMYLASE            
   Pattern 2qv4_p00               Query structure     RMSD=  1.45 A  No. of residues =   3
   ------- -------                --------------- 
    A 459    ASN       matches     A 177    ASN  
    A 460    GLY       matches     A 178    GLY  
    A 461    ASN       matches     A 174    ASN  
  TRANSFORM   -0.3042  0.7237  0.6194  0.2497  0.6881 -0.6813 -0.9193 -0.0526 -0.3900    42.650    24.189    50.525  
 
 Match found in 3qwd_o00     ATP-DEPENDENT CLP PROTEASE PROTEOLYT
   Pattern 3qwd_o00               Query structure     RMSD=  1.46 A  No. of residues =   3
   ------- -------                --------------- 
    A  98    SER       matches     A  80    SER  
    A 123    HIS       matches     A 100    HIS  
    A 172    ASP       matches     A  84    ASP  
  TRANSFORM   -0.3042  0.7237  0.6194  0.2497  0.6881 -0.6813 -0.9193 -0.0526 -0.3900    42.650    24.189    50.525  
 
 Match found in 3qwd_o00     ATP-DEPENDENT CLP PROTEASE PROTEOLYT
   Pattern 3qwd_o00               Query structure     RMSD=  1.46 A  No. of residues =   3
   ------- -------                --------------- 
    A  98    SER       matches     A  80    SER  
    A 123    HIS       matches     A 100    HIS  
    A 172    ASP       matches     A  84    ASP  
  TRANSFORM   -0.5244  0.1282  0.8418 -0.0637  0.9799 -0.1890 -0.8491 -0.1527 -0.5057   156.215     2.405    99.135  
 
 Match found in 3qwd_o12     ATP-DEPENDENT CLP PROTEASE PROTEOLYT
   Pattern 3qwd_o12               Query structure     RMSD=  1.47 A  No. of residues =   3
   ------- -------                --------------- 
    M  98    SER       matches     A  80    SER  
    M 123    HIS       matches     A 100    HIS  
    M 172    ASP       matches     A  84    ASP  
  TRANSFORM   -0.9443 -0.3270 -0.0365 -0.2655  0.6917  0.6716 -0.1943  0.6439 -0.7400    45.770    29.608     4.570  
 
 Match found in 1uok_c05     OLIGO-1,6-GLUCOSIDASE               
   Pattern 1uok_c05               Query structure     RMSD=  1.47 A  No. of residues =   3
   ------- -------                --------------- 
      199    ASP       matches     A  74    ASP  
      242    GLU       matches     A 102    GLU  
      329    ASP       matches     A 110    ASP  
  TRANSFORM    0.2240  0.9321 -0.2848  0.2138 -0.3321 -0.9187 -0.9509  0.1449 -0.2736    98.035    22.480    95.328  
 
 Match found in 3qwd_o10     ATP-DEPENDENT CLP PROTEASE PROTEOLYT
   Pattern 3qwd_o10               Query structure     RMSD=  1.47 A  No. of residues =   3
   ------- -------                --------------- 
    K  98    SER       matches     A  80    SER  
    K 123    HIS       matches     A 100    HIS  
    K 172    ASP       matches     A  84    ASP  
  TRANSFORM   -0.4986 -0.0438  0.8657 -0.1506  0.9879 -0.0368 -0.8537 -0.1487 -0.4992    74.847    33.905    48.702  
 
 Match found in 3qwd_o01     ATP-DEPENDENT CLP PROTEASE PROTEOLYT
   Pattern 3qwd_o01               Query structure     RMSD=  1.48 A  No. of residues =   3
   ------- -------                --------------- 
    B  98    SER       matches     A  80    SER  
    B 123    HIS       matches     A 100    HIS  
    B 172    ASP       matches     A  84    ASP  
  TRANSFORM   -0.0429 -0.9905 -0.1306 -0.6990 -0.0636  0.7123 -0.7138  0.1219 -0.6897   163.110    61.389    84.218  
 
 Match found in 3qwd_o07     ATP-DEPENDENT CLP PROTEASE PROTEOLYT
   Pattern 3qwd_o07               Query structure     RMSD=  1.48 A  No. of residues =   3
   ------- -------                --------------- 
    H  98    SER       matches     A  80    SER  
    H 123    HIS       matches     A 100    HIS  
    H 172    ASP       matches     A  84    ASP  
  TRANSFORM   -0.3553 -0.8026  0.4791 -0.5654  0.5927  0.5736 -0.7444 -0.0671 -0.6644    87.642    64.527    41.310  
 
 Match found in 3qwd_o02     ATP-DEPENDENT CLP PROTEASE PROTEOLYT
   Pattern 3qwd_o02               Query structure     RMSD=  1.48 A  No. of residues =   3
   ------- -------                --------------- 
    C  98    SER       matches     A  80    SER  
    C 123    HIS       matches     A 100    HIS  
    C 172    ASP       matches     A  84    ASP  
  TRANSFORM    0.3643 -0.5461 -0.7544 -0.5540 -0.7782  0.2958 -0.7486  0.3102 -0.5860   131.005    72.380    81.636  
 
 Match found in 3qwd_o08     ATP-DEPENDENT CLP PROTEASE PROTEOLYT
