******************************************************* user.XUMS **************************************************************
  TRANSFORM   -0.5050  0.8101 -0.2979 -0.7361 -0.2239  0.6388  0.4508  0.5419  0.7094    17.036    26.506   -19.889  
 
 Match found in 1mro_c00     METHYL-COENZYME M REDUCTASE         
   Pattern 1mro_c00               Query structure     RMSD=  0.64 A  No. of residues =   3
   ------- -------                --------------- 
    A 465    GLY       matches     A  41    GLY  
    A 501    ASP       matches     A 176    ASP  
    B 367    TYR       matches     A 159    TYR  
  TRANSFORM    0.2768  0.7056 -0.6524  0.8432 -0.5039 -0.1873 -0.4609 -0.4982 -0.7344    28.864    49.851   -45.619  
 
 Match found in 1mro_c01     METHYL-COENZYME M REDUCTASE         
   Pattern 1mro_c01               Query structure     RMSD=  0.68 A  No. of residues =   3
   ------- -------                --------------- 
    D 465    GLY       matches     A  41    GLY  
    D 501    ASP       matches     A 176    ASP  
    E 367    TYR       matches     A 159    TYR  
  TRANSFORM   -0.3397  0.2515  0.9063 -0.2705 -0.9490  0.1620  0.9008 -0.1901  0.3904   -23.427    37.034    33.874  
 
 Match found in 1ddj_c15     PLASMINOGEN                         
   Pattern 1ddj_c15               Query structure     RMSD=  0.90 A  No. of residues =   3
   ------- -------                --------------- 
    D 603    HIS       matches     A 119    HIS  
    D 646    ASP       matches     A  71    ASP  
    D 739    GLY       matches     A  41    GLY  
  TRANSFORM    0.1973  0.9378 -0.2858 -0.9659  0.2359  0.1071  0.1679  0.2549  0.9523   -32.016    36.271    78.759  
 
 Match found in 2z3x_d00     DNA BINDING PROTEIN/DNA             
   Pattern 2z3x_d00               Query structure     RMSD=  0.90 A  No. of residues =   3
   ------- -------                --------------- 
    B  34    SER       matches     A 140    SER  
    B  37    ASN       matches     A 141    ASN  
    B  45    THR       matches     A  70    THR  
  TRANSFORM    0.1578  0.0087  0.9874 -0.4047 -0.9115  0.0727  0.9007 -0.4111 -0.1404    34.658    36.140   -23.367  
 
 Match found in 1fgj_c01     HYDROXYLAMINE OXIDOREDUCTASE        
   Pattern 1fgj_c01               Query structure     RMSD=  0.98 A  No. of residues =   3
   ------- -------                --------------- 
    B 267    ASP       matches     A  71    ASP  
    B 268    HIS       matches     A 119    HIS  
    B 334    TYR       matches     A 121    TYR  
  TRANSFORM   -0.0341  0.4492  0.8928  0.0071  0.8934 -0.4493 -0.9994 -0.0090 -0.0336   104.904    69.132     8.963  
 
 Match found in 1xva_c03     GLYCINE N-METHYLTRANSFERASE         
   Pattern 1xva_c03               Query structure     RMSD=  1.08 A  No. of residues =   3
   ------- -------                --------------- 
    B 137    GLY       matches     A  41    GLY  
    B 175    ARG       matches     A 120    ARG  
    B 242    TYR       matches     A 121    TYR  
  TRANSFORM   -0.8904  0.1115  0.4414 -0.3472 -0.7934 -0.4999  0.2945 -0.5984  0.7452   -32.135   -11.447    34.277  
 
 Match found in 1wbf_p00     PROTEIN (AGGLUTININ)                
   Pattern 1wbf_p00               Query structure     RMSD=  1.10 A  No. of residues =   3
   ------- -------                --------------- 
    A  44    ASN       matches     A  62    ASN  
    A 213    PRO       matches     A  61    PRO  
    A 219    ASN       matches     A  92    ASN  
  TRANSFORM   -0.0065  0.4010  0.9161 -0.1041  0.9108 -0.3994 -0.9945 -0.0979  0.0358    15.492    18.945    37.153  
 
 Match found in 2odj_o00     PORIN D                             
   Pattern 2odj_o00               Query structure     RMSD=  1.11 A  No. of residues =   3
   ------- -------                --------------- 
    A 156    HIS       matches     A 119    HIS  
    A 208    ASP       matches     A 148    ASP  
    A 296    SER       matches     A  54    SER  
  TRANSFORM    0.8901 -0.4532  0.0473 -0.0916 -0.2797 -0.9557  0.4464  0.8464 -0.2905    -0.969     8.296    -2.072  
 
 Match found in 2tdt_c00     TETRAHYDRODIPICOLINATE N-SUCCINYLTRA
   Pattern 2tdt_c00               Query structure     RMSD=  1.12 A  No. of residues =   3
   ------- -------                --------------- 
      141    ASP       matches     A  73    ASP  
      166    GLY       matches     A 106    GLY  
      169    GLU       matches     A 102    GLU  
  TRANSFORM    0.8227  0.0301 -0.5676 -0.4961 -0.4497 -0.7428 -0.2776  0.8927 -0.3550   -53.477    -4.989    39.123  
 
 Match found in 1qrz_c23     PLASMINOGEN                         
   Pattern 1qrz_c23               Query structure     RMSD=  1.12 A  No. of residues =   3
   ------- -------                --------------- 
    D 603    HIS       matches     A  86    HIS  
    D 646    ASP       matches     A 148    ASP  
    D 739    GLY       matches     A 109    GLY  
  TRANSFORM    0.5397 -0.8257  0.1642  0.4765  0.4604  0.7490 -0.6940 -0.3260  0.6419   -41.562    -1.069    -0.630  
 
 Match found in 1qrz_c21     PLASMINOGEN                         
   Pattern 1qrz_c21               Query structure     RMSD=  1.12 A  No. of residues =   3
   ------- -------                --------------- 
    B 603    HIS       matches     A  86    HIS  
    B 646    ASP       matches     A 148    ASP  
    B 739    GLY       matches     A 109    GLY  
  TRANSFORM   -0.2568  0.4913 -0.8323  0.9453  0.3069 -0.1106  0.2011 -0.8152 -0.5432    18.579    49.546    -8.060  
 
 Match found in 1ddj_c12     PLASMINOGEN                         
   Pattern 1ddj_c12               Query structure     RMSD=  1.12 A  No. of residues =   3
   ------- -------                --------------- 
    A 603    HIS       matches     A 119    HIS  
    A 646    ASP       matches     A  71    ASP  
    A 739    GLY       matches     A  41    GLY  
  TRANSFORM   -0.3064  0.4519 -0.8378  0.9181  0.3726 -0.1348  0.2513 -0.8105 -0.5290    16.443    48.975    54.682  
 
 Match found in 1ddj_c14     PLASMINOGEN                         
   Pattern 1ddj_c14               Query structure     RMSD=  1.13 A  No. of residues =   3
   ------- -------                --------------- 
    C 603    HIS       matches     A 119    HIS  
    C 646    ASP       matches     A  71    ASP  
    C 739    GLY       matches     A  41    GLY  
  TRANSFORM    0.8429  0.0639 -0.5343 -0.4625 -0.4212 -0.7801 -0.2749  0.9047 -0.3255     0.351    -5.581     0.837  
 
 Match found in 1qrz_c22     PLASMINOGEN                         
   Pattern 1qrz_c22               Query structure     RMSD=  1.13 A  No. of residues =   3
   ------- -------                --------------- 
    C 603    HIS       matches     A  86    HIS  
    C 646    ASP       matches     A 148    ASP  
    C 739    GLY       matches     A 109    GLY  
  TRANSFORM    0.5048 -0.8528  0.1341  0.4664  0.4001  0.7889 -0.7264 -0.3357  0.5997   -13.689    -0.487    37.717  
 
 Match found in 1qrz_c20     PLASMINOGEN                         
   Pattern 1qrz_c20               Query structure     RMSD=  1.15 A  No. of residues =   3
   ------- -------                --------------- 
    A 603    HIS       matches     A  86    HIS  
    A 646    ASP       matches     A 148    ASP  
    A 739    GLY       matches     A 109    GLY  
  TRANSFORM    0.5181 -0.6276  0.5812  0.8449  0.2698 -0.4619  0.1330  0.7303  0.6700    -6.319    64.657   133.373  
 
 Match found in 1ct9_c04     ASPARAGINE SYNTHETASE B             
   Pattern 1ct9_c04               Query structure     RMSD=  1.17 A  No. of residues =   3
   ------- -------                --------------- 
    A   1    ALA       matches     A  38    ALA  
    A  74    ASN       matches     A  42    ASN  
    A  75    GLY       matches     A  41    GLY  
  TRANSFORM    0.8036 -0.0154 -0.5949  0.0046  0.9998 -0.0198  0.5951  0.0132  0.8035     7.060   -12.619    -3.504  
 
 Match found in 1qrz_c14     PLASMINOGEN                         
   Pattern 1qrz_c14               Query structure     RMSD=  1.18 A  No. of residues =   3
   ------- -------                --------------- 
    C 603    HIS       matches     A 153    HIS  
    C 646    ASP       matches     A  18    ASP  
    C 741    SER       matches     A 151    SER  
  TRANSFORM    0.9172  0.0785  0.3906 -0.1573  0.9721  0.1739 -0.3661 -0.2210  0.9040    42.042    26.303    28.007  
 
 Match found in 1ct9_c05     ASPARAGINE SYNTHETASE B             
   Pattern 1ct9_c05               Query structure     RMSD=  1.18 A  No. of residues =   3
   ------- -------                --------------- 
    B   1    ALA       matches     A  38    ALA  
    B  74    ASN       matches     A  42    ASN  
    B  75    GLY       matches     A  41    GLY  
  TRANSFORM   -0.3160  0.0254 -0.9484 -0.0235 -0.9995 -0.0189 -0.9485  0.0164  0.3165    -7.764     6.894    32.723  
 
 Match found in 1qrz_c12     PLASMINOGEN                         
   Pattern 1qrz_c12               Query structure     RMSD=  1.20 A  No. of residues =   3
   ------- -------                --------------- 
    A 603    HIS       matches     A 153    HIS  
    A 646    ASP       matches     A  18    ASP  
    A 741    SER       matches     A 151    SER  
  TRANSFORM   -0.9628  0.1214  0.2414  0.0778 -0.7311  0.6778  0.2588  0.6714  0.6945    17.716     9.436    46.744  
 
 Match found in 1ct9_c06     ASPARAGINE SYNTHETASE B             
   Pattern 1ct9_c06               Query structure     RMSD=  1.20 A  No. of residues =   3
   ------- -------                --------------- 
    C   1    ALA       matches     A  38    ALA  
    C  74    ASN       matches     A  42    ASN  
    C  75    GLY       matches     A  41    GLY  
  TRANSFORM   -0.0836 -0.9691 -0.2319  0.6606 -0.2281  0.7152 -0.7461 -0.0934  0.6593     4.705    32.044    78.406  
 
 Match found in 1ehy_c02     SOLUBLE EPOXIDE HYDROLASE           
   Pattern 1ehy_c02               Query structure     RMSD=  1.20 A  No. of residues =   3
   ------- -------                --------------- 
    C 107    ASP       matches     A  71    ASP  
    C 246    ASP       matches     A  51    ASP  
    C 275    HIS       matches     A  87    HIS  
  TRANSFORM    0.6826 -0.5063 -0.5269  0.4409 -0.2897  0.8495 -0.5828 -0.8122  0.0254     4.096    -6.052    19.313  
 
 Match found in 1nww_c03     LIMONENE-1,2-EPOXIDE HYDROLASE      
   Pattern 1nww_c03               Query structure     RMSD=  1.20 A  No. of residues =   3
   ------- -------                --------------- 
    B  99    ARG       matches     A 120    ARG  
    B 101    ASP       matches     A  73    ASP  
    B 132    ASP       matches     A  18    ASP  
  TRANSFORM   -0.6889  0.5065  0.5185 -0.4868  0.2067 -0.8487 -0.5370 -0.8371  0.1041    19.000    31.885    17.405  
 
 Match found in 1nww_c02     LIMONENE-1,2-EPOXIDE HYDROLASE      
   Pattern 1nww_c02               Query structure     RMSD=  1.22 A  No. of residues =   3
   ------- -------                --------------- 
    A  99    ARG       matches     A 120    ARG  
    A 101    ASP       matches     A  73    ASP  
    A 132    ASP       matches     A  18    ASP  
  TRANSFORM    0.6644 -0.5386 -0.5182  0.4249 -0.2983  0.8547 -0.6149 -0.7880  0.0307     4.189    -5.701    19.691  
 
 Match found in 1nu3_c01     LIMONENE-1,2-EPOXIDE HYDROLASE      
   Pattern 1nu3_c01               Query structure     RMSD=  1.23 A  No. of residues =   3
   ------- -------                --------------- 
    B  99    ARG       matches     A 120    ARG  
    B 101    ASP       matches     A  73    ASP  
    B 132    ASP       matches     A  18    ASP  
  TRANSFORM    0.6253  0.7663 -0.1475  0.4573 -0.2067  0.8649  0.6323 -0.6083 -0.4797    37.067    42.834    43.326  
 
 Match found in 1a0j_c01     TRYPSIN                             
   Pattern 1a0j_c01               Query structure     RMSD=  1.23 A  No. of residues =   3
   ------- -------                --------------- 
    B  57    HIS       matches     A 119    HIS  
    B 102    ASP       matches     A  71    ASP  
    B 195    SER       matches     A  76    SER  
  TRANSFORM   -0.7579  0.6514  0.0361  0.3778  0.3931  0.8383  0.5319  0.6489 -0.5441    17.758    13.746    88.437  
 
 Match found in 1a0j_c03     TRYPSIN                             
   Pattern 1a0j_c03               Query structure     RMSD=  1.24 A  No. of residues =   3
   ------- -------                --------------- 
    D  57    HIS       matches     A 119    HIS  
    D 102    ASP       matches     A  71    ASP  
    D 195    SER       matches     A  76    SER  
  TRANSFORM   -0.3447  0.7973 -0.4954  0.8679  0.0696 -0.4919 -0.3577 -0.5995 -0.7160    57.966     4.794   104.557  
 
 Match found in 1dwo_c01     HYDROXYNITRILE LYASE                
   Pattern 1dwo_c01               Query structure     RMSD=  1.24 A  No. of residues =   3
   ------- -------                --------------- 
    B  80    SER       matches     A  76    SER  
    B 208    ASP       matches     A  71    ASP  
    B 236    HIS       matches     A 119    HIS  
  TRANSFORM   -0.6869  0.5183  0.5095 -0.4910  0.1859 -0.8511 -0.5358 -0.8347  0.1268    19.190    31.934    17.147  
 
 Match found in 1nu3_c00     LIMONENE-1,2-EPOXIDE HYDROLASE      
   Pattern 1nu3_c00               Query structure     RMSD=  1.24 A  No. of residues =   3
   ------- -------                --------------- 
    A  99    ARG       matches     A 120    ARG  
    A 101    ASP       matches     A  73    ASP  
    A 132    ASP       matches     A  18    ASP  
  TRANSFORM   -0.5872  0.8078  0.0521 -0.7679 -0.5356 -0.3515 -0.2560 -0.2464  0.9347    -4.500    34.190   116.894  
 
 Match found in 1ct9_c07     ASPARAGINE SYNTHETASE B             
   Pattern 1ct9_c07               Query structure     RMSD=  1.24 A  No. of residues =   3
   ------- -------                --------------- 
    D   1    ALA       matches     A  38    ALA  
    D  74    ASN       matches     A  42    ASN  
    D  75    GLY       matches     A  41    GLY  
  TRANSFORM   -0.3013 -0.0151 -0.9534  0.0333 -0.9994  0.0053 -0.9530 -0.0302  0.3016   -35.169     6.431    -5.203  
 
 Match found in 1qrz_c13     PLASMINOGEN                         
   Pattern 1qrz_c13               Query structure     RMSD=  1.24 A  No. of residues =   3
   ------- -------                --------------- 
    B 603    HIS       matches     A 153    HIS  
    B 646    ASP       matches     A  18    ASP  
    B 741    SER       matches     A 151    SER  
  TRANSFORM   -0.0585 -0.5397  0.8398  0.9317  0.2725  0.2400 -0.3584  0.7965  0.4869    37.193    31.425    79.743  
 
 Match found in 1a0j_c02     TRYPSIN                             
   Pattern 1a0j_c02               Query structure     RMSD=  1.26 A  No. of residues =   3
   ------- -------                --------------- 
    C  57    HIS       matches     A 119    HIS  
    C 102    ASP       matches     A  71    ASP  
    C 195    SER       matches     A  76    SER  
  TRANSFORM    0.4123 -0.8755 -0.2518  0.9107  0.4039  0.0869  0.0256 -0.2651  0.9639    40.945   -17.633    36.555  
 
 Match found in 1ysc_c01     SERINE CARBOXYPEPTIDASE (CPY, CPD-Y,
   Pattern 1ysc_c01               Query structure     RMSD=  1.27 A  No. of residues =   3
   ------- -------                --------------- 
      146    SER       matches     A  76    SER  
      338    ASP       matches     A  71    ASP  
      397    HIS       matches     A 119    HIS  
  TRANSFORM    0.8550 -0.4982 -0.1439  0.2597  0.1712  0.9504 -0.4489 -0.8500  0.2757    24.852    37.903    12.724  
 
 Match found in 12as_c01     ASPARAGINE SYNTHETASE               
   Pattern 12as_c01               Query structure     RMSD=  1.27 A  No. of residues =   3
   ------- -------                --------------- 
    B  46    ASP       matches     A  18    ASP  
    B 100    ARG       matches     A  77    ARG  
    B 116    GLN       matches     A  13    GLN  
  TRANSFORM    0.8002  0.0562 -0.5971 -0.0550  0.9983  0.0203  0.5972  0.0166  0.8019   -47.243   -12.627    34.700  
 
 Match found in 1qrz_c15     PLASMINOGEN                         
   Pattern 1qrz_c15               Query structure     RMSD=  1.27 A  No. of residues =   3
   ------- -------                --------------- 
    D 603    HIS       matches     A 153    HIS  
    D 646    ASP       matches     A  18    ASP  
    D 741    SER       matches     A 151    SER  
  TRANSFORM   -0.0658 -0.8146 -0.5762 -0.9153  0.2793 -0.2903  0.3974  0.5083 -0.7640    23.677    51.195    55.125  
 
 Match found in 1a0j_c00     TRYPSIN                             
   Pattern 1a0j_c00               Query structure     RMSD=  1.28 A  No. of residues =   3
   ------- -------                --------------- 
    A  57    HIS       matches     A 119    HIS  
    A 102    ASP       matches     A  71    ASP  
    A 195    SER       matches     A  76    SER  
  TRANSFORM   -0.4743  0.4862 -0.7339 -0.8048 -0.5774  0.1375 -0.3569  0.6559  0.6652    15.676    19.147    36.244  
 
 Match found in 1fr8_c01     BETA 1,4 GALACTOSYLTRANSFERASE      
   Pattern 1fr8_c01               Query structure     RMSD=  1.29 A  No. of residues =   3
   ------- -------                --------------- 
    B 317    GLU       matches     A  84    GLU  
    B 319    ASP       matches     A  18    ASP  
    B 359    ARG       matches     A  14    ARG  
  TRANSFORM    0.9971  0.0760  0.0079  0.0715 -0.9645  0.2543  0.0270 -0.2530 -0.9671   -14.707    -9.148    72.947  
 
 Match found in 2odj_o01     PORIN D                             
   Pattern 2odj_o01               Query structure     RMSD=  1.29 A  No. of residues =   3
   ------- -------                --------------- 
    B 156    HIS       matches     A 119    HIS  
    B 208    ASP       matches     A 148    ASP  
    B 296    SER       matches     A  54    SER  
  TRANSFORM   -0.0877 -0.3499  0.9327 -0.5375 -0.7716 -0.3401  0.8387 -0.5312 -0.1204    33.776    66.950     4.466  
 
 Match found in 1c4x_c00     2-HYDROXY-6-OXO-6-PHENYLHEXA-2,4-DIE
   Pattern 1c4x_c00               Query structure     RMSD=  1.29 A  No. of residues =   3
   ------- -------                --------------- 
    A 110    SER       matches     A  76    SER  
    A 235    ASP       matches     A  71    ASP  
    A 263    HIS       matches     A 119    HIS  
  TRANSFORM   -0.8142  0.5751  0.0796  0.0753  0.2406 -0.9677 -0.5757 -0.7819 -0.2392    40.083    28.168    11.375  
 
 Match found in 12as_c00     ASPARAGINE SYNTHETASE               
   Pattern 12as_c00               Query structure     RMSD=  1.30 A  No. of residues =   3
   ------- -------                --------------- 
    A  46    ASP       matches     A  18    ASP  
    A 100    ARG       matches     A  77    ARG  
    A 116    GLN       matches     A  13    GLN  
  TRANSFORM   -0.5479  0.1740  0.8182 -0.1305 -0.9839  0.1218  0.8263 -0.0401  0.5618   -19.834    38.387   -28.548  
 
 Match found in 1ddj_c13     PLASMINOGEN                         
   Pattern 1ddj_c13               Query structure     RMSD=  1.31 A  No. of residues =   3
   ------- -------                --------------- 
    B 603    HIS       matches     A 119    HIS  
    B 646    ASP       matches     A  71    ASP  
    B 739    GLY       matches     A  41    GLY  
  TRANSFORM   -0.8930 -0.4419 -0.0847  0.4321 -0.8948  0.1127 -0.1256  0.0641  0.9900    81.456   -18.375    70.607  
 
 Match found in 1zoi_c02     ESTERASE                            
   Pattern 1zoi_c02               Query structure     RMSD=  1.32 A  No. of residues =   3
   ------- -------                --------------- 
    C  97    SER       matches     A  76    SER  
    C 227    ASP       matches     A  71    ASP  
    C 256    HIS       matches     A 119    HIS  
  TRANSFORM   -0.5232  0.0793  0.8485 -0.6362 -0.6988 -0.3269  0.5670 -0.7109  0.4161    15.063    10.993    45.404  
 
 Match found in 1lio_c01     ADENOSINE KINASE                    
   Pattern 1lio_c01               Query structure     RMSD=  1.33 A  No. of residues =   3
   ------- -------                --------------- 
    A 316    ALA       matches     A  59    ALA  
    A 317    GLY       matches     A  95    GLY  
    A 318    ASP       matches     A  60    ASP  
  TRANSFORM    0.9046 -0.0372 -0.4247  0.3722 -0.4170  0.8292 -0.2079 -0.9081 -0.3634    -4.491    21.870    24.272  
 
 Match found in 2lip_c00     LIPASE                              
   Pattern 2lip_c00               Query structure     RMSD=  1.33 A  No. of residues =   3
   ------- -------                --------------- 
       87    SER       matches     A  76    SER  
      264    ASP       matches     A  71    ASP  
      286    HIS       matches     A 119    HIS  
  TRANSFORM    0.3010  0.8794 -0.3690 -0.8148  0.4382  0.3796  0.4955  0.1864  0.8484   -43.485    13.228    49.830  
 
 Match found in 3o4g_o02     ACYLAMINO-ACID-RELEASING ENZYME     
   Pattern 3o4g_o02               Query structure     RMSD=  1.34 A  No. of residues =   3
   ------- -------                --------------- 
    C 445    SER       matches     A  76    SER  
    C 524    ASP       matches     A  71    ASP  
    C 556    HIS       matches     A 119    HIS  
  TRANSFORM   -0.0516  0.5315 -0.8455 -0.3824  0.7716  0.5084  0.9225  0.3496  0.1634    32.945    57.980    74.895  
 
 Match found in 1ehy_c01     SOLUBLE EPOXIDE HYDROLASE           
   Pattern 1ehy_c01               Query structure     RMSD=  1.34 A  No. of residues =   3
   ------- -------                --------------- 
    B 107    ASP       matches     A  71    ASP  
    B 246    ASP       matches     A  51    ASP  
    B 275    HIS       matches     A  87    HIS  
  TRANSFORM    0.9401 -0.0223  0.3401  0.1121 -0.9221 -0.3704  0.3219  0.3864 -0.8644    -2.218    10.785   -13.908  
 
 Match found in 3o4g_o00     ACYLAMINO-ACID-RELEASING ENZYME     
   Pattern 3o4g_o00               Query structure     RMSD=  1.35 A  No. of residues =   3
   ------- -------                --------------- 
    A 445    SER       matches     A  76    SER  
    A 524    ASP       matches     A  71    ASP  
    A 556    HIS       matches     A 119    HIS  
  TRANSFORM    0.9401 -0.0223  0.3401  0.1121 -0.9221 -0.3704  0.3219  0.3864 -0.8644    -2.218    10.785   -13.908  
 
 Match found in 3o4g_o00     ACYLAMINO-ACID-RELEASING ENZYME     
   Pattern 3o4g_o00               Query structure     RMSD=  1.35 A  No. of residues =   3
   ------- -------                --------------- 
    A 445    SER       matches     A  76    SER  
    A 524    ASP       matches     A  71    ASP  
    A 556    HIS       matches     A 119    HIS  
  TRANSFORM   -0.2559  0.3098  0.9157  0.3974  0.8972 -0.1925 -0.8813  0.3146 -0.3527    -2.923    -1.795    19.310  
 
 Match found in 1pfq_c00     DIPEPTIDYL PEPTIDASE IV SOLUBLE FORM
   Pattern 1pfq_c00               Query structure     RMSD=  1.35 A  No. of residues =   3
   ------- -------                --------------- 
    A 630    SER       matches     A  76    SER  
    A 708    ASP       matches     A  71    ASP  
    A 740    HIS       matches     A 119    HIS  
  TRANSFORM   -0.4712  0.0796  0.8785 -0.5040  0.7931 -0.3421 -0.7239 -0.6039 -0.3336     3.885    33.070    49.513  
 
 Match found in 1rtf_c03     TWO CHAIN TISSUE PLASMINOGEN ACTIVAT
   Pattern 1rtf_c03               Query structure     RMSD=  1.35 A  No. of residues =   3
   ------- -------                --------------- 
    B  57    HIS       matches     A 119    HIS  
    B 102    ASP       matches     A  71    ASP  
    B 195    SER       matches     A  76    SER  
  TRANSFORM    0.0853 -0.9671 -0.2395 -0.9798 -0.1251  0.1563 -0.1812  0.2213 -0.9582    33.253    42.023    79.378  
 
 Match found in 1azw_c00     PROLINE IMINOPEPTIDASE              
   Pattern 1azw_c00               Query structure     RMSD=  1.35 A  No. of residues =   3
   ------- -------                --------------- 
    A 110    SER       matches     A  76    SER  
    A 266    ASP       matches     A  71    ASP  
    A 294    HIS       matches     A 119    HIS  
  TRANSFORM   -0.0786 -0.7854 -0.6140  0.5714  0.4691 -0.6733  0.8169 -0.4038  0.4119     7.237     1.853    25.872  
 
 Match found in 1pfq_c01     DIPEPTIDYL PEPTIDASE IV SOLUBLE FORM
   Pattern 1pfq_c01               Query structure     RMSD=  1.35 A  No. of residues =   3
   ------- -------                --------------- 
    B 630    SER       matches     A  76    SER  
    B 708    ASP       matches     A  71    ASP  
    B 740    HIS       matches     A 119    HIS  
  TRANSFORM    0.8636  0.4368  0.2519  0.4932 -0.6280 -0.6019 -0.1047  0.6440 -0.7578    31.108    17.453    79.919  
 
 Match found in 1ehy_c03     SOLUBLE EPOXIDE HYDROLASE           
   Pattern 1ehy_c03               Query structure     RMSD=  1.37 A  No. of residues =   3
   ------- -------                --------------- 
    D 107    ASP       matches     A  71    ASP  
    D 246    ASP       matches     A  51    ASP  
    D 275    HIS       matches     A  87    HIS  
  TRANSFORM    0.6086  0.7929  0.0299 -0.7718  0.5828  0.2541  0.1841 -0.1777  0.9667    39.214    44.276    35.030  
 
 Match found in 1azw_c01     PROLINE IMINOPEPTIDASE              
   Pattern 1azw_c01               Query structure     RMSD=  1.37 A  No. of residues =   3
   ------- -------                --------------- 
    B 110    SER       matches     A  76    SER  
    B 266    ASP       matches     A  71    ASP  
    B 294    HIS       matches     A 119    HIS  
  TRANSFORM    0.1041 -0.6440 -0.7579 -0.9094  0.2469 -0.3347  0.4027  0.7241 -0.5599   -12.383    11.669    22.017  
 
 Match found in 1ef8_c02     METHYLMALONYL COA DECARBOXYLASE     
   Pattern 1ef8_c02               Query structure     RMSD=  1.37 A  No. of residues =   3
   ------- -------                --------------- 
    C  66    HIS       matches     A  87    HIS  
    C 110    GLY       matches     A 109    GLY  
    C 140    TYR       matches     A 170    TYR  
  TRANSFORM   -0.5749 -0.6553  0.4900 -0.7510  0.1848 -0.6340  0.3249 -0.7324 -0.5983    46.180    51.366    75.383  
 
 Match found in 1qfm_c00     PROLYL OLIGOPEPTIDASE               
   Pattern 1qfm_c00               Query structure     RMSD=  1.37 A  No. of residues =   3
   ------- -------                --------------- 
    A 554    SER       matches     A  76    SER  
    A 641    ASP       matches     A  71    ASP  
    A 680    HIS       matches     A 119    HIS  
  TRANSFORM   -0.5706 -0.4505 -0.6866 -0.1574  0.8806 -0.4470  0.8060 -0.1470 -0.5734    22.087   134.147    21.774  
 
 Match found in 1bgl_c08     BETA-GALACTOSIDASE                  
   Pattern 1bgl_c08               Query structure     RMSD=  1.39 A  No. of residues =   3
   ------- -------                --------------- 
    A 461    GLU       matches     A 102    GLU  
    A 503    TYR       matches     A 159    TYR  
    A 537    GLU       matches     A 136    GLU  
  TRANSFORM   -0.8025 -0.5694 -0.1784 -0.0238 -0.2682  0.9631 -0.5962  0.7771  0.2016    63.866    44.775   132.910  
 
 Match found in 1dwo_c00     HYDROXYNITRILE LYASE                
   Pattern 1dwo_c00               Query structure     RMSD=  1.39 A  No. of residues =   3
   ------- -------                --------------- 
    A  80    SER       matches     A  76    SER  
    A 208    ASP       matches     A  71    ASP  
    A 236    HIS       matches     A 119    HIS  
  TRANSFORM   -0.9488  0.3139 -0.0362 -0.2964 -0.8444  0.4461  0.1095  0.4340  0.8942    52.007    22.572    19.510  
 
 Match found in 1jkm_c00     BREFELDIN A ESTERASE                
   Pattern 1jkm_c00               Query structure     RMSD=  1.39 A  No. of residues =   3
   ------- -------                --------------- 
    A 202    SER       matches     A  76    SER  
    A 308    ASP       matches     A  71    ASP  
    A 338    HIS       matches     A 119    HIS  
  TRANSFORM   -0.2494  0.5935 -0.7652  0.4251 -0.6429 -0.6371 -0.8701 -0.4842 -0.0919    42.600    -5.583    18.600  
 
 Match found in 1a8q_c00     BROMOPEROXIDASE A1                  
   Pattern 1a8q_c00               Query structure     RMSD=  1.40 A  No. of residues =   3
   ------- -------                --------------- 
       94    SER       matches     A  76    SER  
      223    ASP       matches     A  71    ASP  
      252    HIS       matches     A 119    HIS  
  TRANSFORM   -0.7797  0.3690 -0.5058 -0.2010  0.6176  0.7604  0.5930  0.6945 -0.4074   -27.358    50.103    78.406  
 
 Match found in 2z3x_d00     DNA BINDING PROTEIN/DNA             
   Pattern 2z3x_d00               Query structure     RMSD=  1.40 A  No. of residues =   3
   ------- -------                --------------- 
    B  34    SER       matches     A  54    SER  
    B  37    ASN       matches     A  31    ASN  
    B  45    THR       matches     A  45    THR  
  TRANSFORM    0.9300  0.0683 -0.3611  0.3620 -0.3394  0.8682 -0.0632 -0.9382 -0.3404     6.134    12.900    14.517  
 
 Match found in 1nu3_c00     LIMONENE-1,2-EPOXIDE HYDROLASE      
   Pattern 1nu3_c00               Query structure     RMSD=  1.40 A  No. of residues =   3
   ------- -------                --------------- 
    A  99    ARG       matches     A 120    ARG  
    A 101    ASP       matches     A  18    ASP  
    A 132    ASP       matches     A  73    ASP  
  TRANSFORM   -0.1098  0.6232  0.7743  0.4252  0.7336 -0.5301 -0.8984  0.2710 -0.3455    71.650    81.933    30.861  
 
 Match found in 3qwd_o03     ATP-DEPENDENT CLP PROTEASE PROTEOLYT
   Pattern 3qwd_o03               Query structure     RMSD=  1.41 A  No. of residues =   3
   ------- -------                --------------- 
    D  98    SER       matches     A 110    SER  
    D 123    HIS       matches     A 119    HIS  
    D 172    ASP       matches     A  73    ASP  
  TRANSFORM   -0.9260 -0.0955  0.3653 -0.3775  0.2148 -0.9008  0.0075 -0.9720 -0.2349    16.887    12.976    14.274  
 
 Match found in 1nu3_c01     LIMONENE-1,2-EPOXIDE HYDROLASE      
   Pattern 1nu3_c01               Query structure     RMSD=  1.41 A  No. of residues =   3
   ------- -------                --------------- 
    B  99    ARG       matches     A 120    ARG  
    B 101    ASP       matches     A  18    ASP  
    B 132    ASP       matches     A  73    ASP  
  TRANSFORM   -0.1667 -0.8567 -0.4882 -0.7937 -0.1771  0.5819 -0.5850  0.4845 -0.6505    18.500    51.325    38.001  
 
 Match found in 3qwd_o06     ATP-DEPENDENT CLP PROTEASE PROTEOLYT
   Pattern 3qwd_o06               Query structure     RMSD=  1.42 A  No. of residues =   3
   ------- -------                --------------- 
    G  98    SER       matches     A 110    SER  
    G 123    HIS       matches     A 119    HIS  
    G 172    ASP       matches     A  73    ASP  
  TRANSFORM   -0.1691  0.9325  0.3193 -0.6749 -0.3456  0.6519  0.7182 -0.1052  0.6878   -36.798    -3.979    22.646  
 
 Match found in 3zwq_o01     ALPHA/BETA HYDROLASE FOLD-3 DOMAIN P
   Pattern 3zwq_o01               Query structure     RMSD=  1.42 A  No. of residues =   3
   ------- -------                --------------- 
    B 157    SER       matches     A  76    SER  
    B 254    ASP       matches     A  71    ASP  
    B 284    HIS       matches     A 119    HIS  
  TRANSFORM   -0.8815 -0.4534 -0.1316 -0.0652  0.3929 -0.9173  0.4676 -0.8000 -0.3759    80.199    -2.693    23.987  
 
 Match found in 1zoi_c01     ESTERASE                            
   Pattern 1zoi_c01               Query structure     RMSD=  1.43 A  No. of residues =   3
   ------- -------                --------------- 
    B  97    SER       matches     A  76    SER  
    B 227    ASP       matches     A  71    ASP  
    B 256    HIS       matches     A 119    HIS  
  TRANSFORM   -0.8916 -0.4242 -0.1587 -0.3716  0.4849  0.7917 -0.2589  0.7648 -0.5900    80.407    30.515    61.024  
 
 Match found in 1zoi_c00     ESTERASE                            
   Pattern 1zoi_c00               Query structure     RMSD=  1.43 A  No. of residues =   3
   ------- -------                --------------- 
    A  97    SER       matches     A  76    SER  
    A 227    ASP       matches     A  71    ASP  
    A 256    HIS       matches     A 119    HIS  
  TRANSFORM   -0.5344 -0.0840  0.8410  0.1112  0.9794  0.1685 -0.8379  0.1836 -0.5141    45.862    90.956    28.189  
 
 Match found in 3qwd_o04     ATP-DEPENDENT CLP PROTEASE PROTEOLYT
   Pattern 3qwd_o04               Query structure     RMSD=  1.43 A  No. of residues =   3
   ------- -------                --------------- 
    E  98    SER       matches     A 110    SER  
    E 123    HIS       matches     A 119    HIS  
    E 172    ASP       matches     A  73    ASP  
  TRANSFORM   -0.9193 -0.0770  0.3861 -0.3934  0.2151 -0.8938 -0.0143 -0.9736 -0.2280    16.725    12.868    14.438  
 
 Match found in 1nww_c03     LIMONENE-1,2-EPOXIDE HYDROLASE      
   Pattern 1nww_c03               Query structure     RMSD=  1.43 A  No. of residues =   3
   ------- -------                --------------- 
    B  99    ARG       matches     A 120    ARG  
    B 101    ASP       matches     A  18    ASP  
    B 132    ASP       matches     A  73    ASP  
  TRANSFORM   -0.1312 -0.6453 -0.7526  0.4756  0.6251 -0.6189  0.8698 -0.4392  0.2249    31.741    61.008    -8.938  
 
 Match found in 1a7u_c03     CHLOROPEROXIDASE T                  
   Pattern 1a7u_c03               Query structure     RMSD=  1.43 A  No. of residues =   3
   ------- -------                --------------- 
    B  98    SER       matches     A  76    SER  
    B 228    ASP       matches     A  71    ASP  
    B 257    HIS       matches     A 119    HIS  
  TRANSFORM    0.9982 -0.0406  0.0435 -0.0592 -0.6149  0.7864 -0.0052 -0.7875 -0.6162    21.944   -13.274   -29.588  
 
 Match found in 1iph_c03     CATALASE HPII                       
   Pattern 1iph_c03               Query structure     RMSD=  1.43 A  No. of residues =   3
   ------- -------                --------------- 
    D 128    HIS       matches     A  29    HIS  
    D 167    SER       matches     A  56    SER  
    D 201    ASN       matches     A 168    ASN  
  TRANSFORM   -0.9982  0.0406 -0.0435  0.0592  0.6149 -0.7864 -0.0052 -0.7875 -0.6162   -21.944    13.274   -29.588  
 
 Match found in 1iph_c02     CATALASE HPII                       
   Pattern 1iph_c02               Query structure     RMSD=  1.43 A  No. of residues =   3
   ------- -------                --------------- 
    C 128    HIS       matches     A  29    HIS  
    C 167    SER       matches     A  56    SER  
    C 201    ASN       matches     A 168    ASN  
  TRANSFORM   -0.9982  0.0406 -0.0435 -0.0592 -0.6149  0.7864  0.0052  0.7875  0.6162   -21.944   -13.274    29.588  
 
 Match found in 1iph_c01     CATALASE HPII                       
   Pattern 1iph_c01               Query structure     RMSD=  1.43 A  No. of residues =   3
   ------- -------                --------------- 
    B 128    HIS       matches     A  29    HIS  
    B 167    SER       matches     A  56    SER  
    B 201    ASN       matches     A 168    ASN  
  TRANSFORM    0.9982 -0.0406  0.0435  0.0592  0.6149 -0.7864  0.0052  0.7875  0.6162    21.944    13.274    29.588  
 
 Match found in 1iph_c00     CATALASE HPII                       
   Pattern 1iph_c00               Query structure     RMSD=  1.43 A  No. of residues =   3
   ------- -------                --------------- 
    A 128    HIS       matches     A  29    HIS  
    A 167    SER       matches     A  56    SER  
    A 201    ASN       matches     A 168    ASN  
  TRANSFORM   -0.3219  0.6941 -0.6439  0.6371  0.6619  0.3949  0.7003 -0.2831 -0.6553    11.791    39.639     3.744  
 
 Match found in 1ef8_c01     METHYLMALONYL COA DECARBOXYLASE     
   Pattern 1ef8_c01               Query structure     RMSD=  1.44 A  No. of residues =   3
   ------- -------                --------------- 
    B  66    HIS       matches     A  87    HIS  
    B 110    GLY       matches     A 109    GLY  
    B 140    TYR       matches     A 170    TYR  
  TRANSFORM   -0.0137  0.7459  0.6659  0.4342  0.6043 -0.6680 -0.9007  0.2800 -0.3322   161.588    50.127    81.285  
 
 Match found in 3qwd_o07     ATP-DEPENDENT CLP PROTEASE PROTEOLYT
   Pattern 3qwd_o07               Query structure     RMSD=  1.44 A  No. of residues =   3
   ------- -------                --------------- 
    H  98    SER       matches     A 110    SER  
    H 123    HIS       matches     A 119    HIS  
    H 172    ASP       matches     A  73    ASP  
  TRANSFORM    0.2201 -0.9348 -0.2789  0.1158  0.3089 -0.9440  0.9686  0.1755  0.1762    44.390    88.343    33.568  
 
 Match found in 1cdg_c00     CYCLODEXTRIN GLYCOSYLTRANSFERASE (E.
   Pattern 1cdg_c00               Query structure     RMSD=  1.44 A  No. of residues =   3
   ------- -------                --------------- 
      229    ASP       matches     A  18    ASP  
      264    GLU       matches     A  43    GLU  
      328    ASP       matches     A  71    ASP  
  TRANSFORM   -0.6774 -0.0621 -0.7330 -0.7350  0.0994  0.6708  0.0312  0.9931 -0.1129    13.036    50.024    87.357  
 
 Match found in 1cb7_c07     GLUTAMATE MUTASE                    
   Pattern 1cb7_c07               Query structure     RMSD=  1.44 A  No. of residues =   3
   ------- -------                --------------- 
    C  14    ASP       matches     A  71    ASP  
    C  16    HIS       matches     A 119    HIS  
    C  67    GLY       matches     A 109    GLY  
  TRANSFORM    0.4700  0.8812 -0.0514  0.1970 -0.1615 -0.9670 -0.8604  0.4443 -0.2495   165.065    23.930    87.859  
 
 Match found in 3qwd_o13     ATP-DEPENDENT CLP PROTEASE PROTEOLYT
   Pattern 3qwd_o13               Query structure     RMSD=  1.44 A  No. of residues =   3
   ------- -------                --------------- 
    N  98    SER       matches     A 110    SER  
    N 123    HIS       matches     A 119    HIS  
    N 172    ASP       matches     A  73    ASP  
  TRANSFORM   -0.5816 -0.7664  0.2727 -0.4276  0.5732  0.6990 -0.6920  0.2899 -0.6611    22.062    77.792    31.304  
 
 Match found in 3qwd_o05     ATP-DEPENDENT CLP PROTEASE PROTEOLYT
   Pattern 3qwd_o05               Query structure     RMSD=  1.44 A  No. of residues =   3
   ------- -------                --------------- 
    F  98    SER       matches     A 110    SER  
    F 123    HIS       matches     A 119    HIS  
    F 172    ASP       matches     A  73    ASP  
  TRANSFORM    0.4275  0.8951  0.1264  0.2694  0.0073 -0.9630 -0.8630  0.4457 -0.2380    79.775    56.629    37.559  
 
 Match found in 3qwd_o02     ATP-DEPENDENT CLP PROTEASE PROTEOLYT
   Pattern 3qwd_o02               Query structure     RMSD=  1.44 A  No. of residues =   3
   ------- -------                --------------- 
    C  98    SER       matches     A 110    SER  
    C 123    HIS       matches     A 119    HIS  
    C 172    ASP       matches     A  73    ASP  
  TRANSFORM    0.9247  0.0669 -0.3748  0.3763 -0.3089  0.8735 -0.0574 -0.9487 -0.3108     6.122    12.755    14.408  
 
 Match found in 1nww_c02     LIMONENE-1,2-EPOXIDE HYDROLASE      
   Pattern 1nww_c02               Query structure     RMSD=  1.44 A  No. of residues =   3
   ------- -------                --------------- 
    A  99    ARG       matches     A 120    ARG  
    A 101    ASP       matches     A  18    ASP  
    A 132    ASP       matches     A  73    ASP  
  TRANSFORM    0.2654 -0.4348 -0.8605 -0.7303 -0.6734  0.1150 -0.6294  0.5979 -0.4963   118.870     7.264    93.062  
 
 Match found in 3qwd_o11     ATP-DEPENDENT CLP PROTEASE PROTEOLYT
   Pattern 3qwd_o11               Query structure     RMSD=  1.44 A  No. of residues =   3
   ------- -------                --------------- 
    L  98    SER       matches     A 110    SER  
    L 123    HIS       matches     A 119    HIS  
    L 172    ASP       matches     A  73    ASP  
  TRANSFORM    0.8218 -0.0675 -0.5658  0.1236  0.9904  0.0613  0.5563 -0.1203  0.8223    -4.345    36.874    25.956  
 
 Match found in 1a7u_c02     CHLOROPEROXIDASE T                  
