******************************************************* user.XUMS **************************************************************
  TRANSFORM    0.9989 -0.0147  0.0441 -0.0400  0.2125  0.9763 -0.0237 -0.9770  0.2117   -48.100    -2.767     3.675  
 
 Match found in 1qrz_c01     PLASMINOGEN                         
   Pattern 1qrz_c01               Query structure     RMSD=  1.43 A  No. of residues =   4
   ------- -------                --------------- 
    B 603    HIS       matches     A 106    HIS  
    B 646    ASP       matches     A  28    ASP  
    B 739    GLY       matches     A  98    GLY  
    B 741    SER       matches     A 104    SER  
  TRANSFORM    0.3313  0.9302 -0.1579  0.0136 -0.1721 -0.9850 -0.9434  0.3242 -0.0697    -5.871    -3.812     5.723  
 
 Match found in 1qrz_c02     PLASMINOGEN                         
   Pattern 1qrz_c02               Query structure     RMSD=  1.47 A  No. of residues =   4
   ------- -------                --------------- 
    C 603    HIS       matches     A 106    HIS  
    C 646    ASP       matches     A  28    ASP  
    C 739    GLY       matches     A  98    GLY  
    C 741    SER       matches     A 104    SER  
  TRANSFORM   -0.5219 -0.8169  0.2454 -0.0433 -0.2619 -0.9641  0.8519 -0.5138  0.1013   -14.711    63.296   134.680  
 
 Match found in 1ct9_c04     ASPARAGINE SYNTHETASE B             
   Pattern 1ct9_c04               Query structure     RMSD=  0.83 A  No. of residues =   3
   ------- -------                --------------- 
    A   1    ALA       matches     A 132    ALA  
    A  74    ASN       matches     A 131    ASN  
    A  75    GLY       matches     A 127    GLY  
  TRANSFORM    0.1381 -0.9169  0.3743 -0.2586 -0.3982 -0.8801  0.9560  0.0248 -0.2922    47.504    35.003    -1.911  
 
 Match found in 1bol_c00     RIBONUCLEASE RH                     
   Pattern 1bol_c00               Query structure     RMSD=  0.84 A  No. of residues =   3
   ------- -------                --------------- 
    A  46    HIS       matches     A 106    HIS  
    A 105    GLU       matches     A 116    GLU  
    A 109    HIS       matches     A  96    HIS  
  TRANSFORM    0.0067 -0.9220 -0.3871  0.9936  0.0500 -0.1018  0.1132 -0.3839  0.9164    36.264    32.210    25.434  
 
 Match found in 1ct9_c05     ASPARAGINE SYNTHETASE B             
   Pattern 1ct9_c05               Query structure     RMSD=  0.85 A  No. of residues =   3
   ------- -------                --------------- 
    B   1    ALA       matches     A 132    ALA  
    B  74    ASN       matches     A 131    ASN  
    B  75    GLY       matches     A 127    GLY  
  TRANSFORM   -0.6115 -0.4687  0.6374  0.6524 -0.7546  0.0710  0.4477  0.4592  0.7672    40.186    63.670    26.803  
 
 Match found in 2dbt_c01     CHITINASE C                         
   Pattern 2dbt_c01               Query structure     RMSD=  0.86 A  No. of residues =   3
   ------- -------                --------------- 
    B 147    GLU       matches     A  91    GLU  
    B 156    GLU       matches     A  89    GLU  
    B 194    ASN       matches     A  71    ASN  
  TRANSFORM    0.8889  0.4301  0.1576 -0.4512  0.7625  0.4637  0.0793 -0.4833  0.8719     3.173    36.443   113.542  
 
 Match found in 1ct9_c07     ASPARAGINE SYNTHETASE B             
   Pattern 1ct9_c07               Query structure     RMSD=  0.86 A  No. of residues =   3
   ------- -------                --------------- 
    D   1    ALA       matches     A 132    ALA  
    D  74    ASN       matches     A 131    ASN  
    D  75    GLY       matches     A 127    GLY  
  TRANSFORM    0.3652  0.5261  0.7680 -0.5093 -0.5777  0.6379  0.7793 -0.6241  0.0570    22.656     2.399    46.950  
 
 Match found in 1ct9_c06     ASPARAGINE SYNTHETASE B             
   Pattern 1ct9_c06               Query structure     RMSD=  0.87 A  No. of residues =   3
   ------- -------                --------------- 
    C   1    ALA       matches     A 132    ALA  
    C  74    ASN       matches     A 131    ASN  
    C  75    GLY       matches     A 127    GLY  
  TRANSFORM   -0.1161  0.6863 -0.7180 -0.2158  0.6881  0.6927  0.9695  0.2354  0.0682   -25.653    -8.247    21.584  
 
 Match found in 1qrz_c20     PLASMINOGEN                         
   Pattern 1qrz_c20               Query structure     RMSD=  0.91 A  No. of residues =   3
   ------- -------                --------------- 
    A 603    HIS       matches     A 111    HIS  
    A 646    ASP       matches     A  28    ASP  
    A 739    GLY       matches     A  98    GLY  
  TRANSFORM   -0.9443 -0.0448 -0.3261  0.2759 -0.6477 -0.7102 -0.1794 -0.7606  0.6240   -41.515     1.281    55.897  
 
 Match found in 1qrz_c23     PLASMINOGEN                         
   Pattern 1qrz_c23               Query structure     RMSD=  0.92 A  No. of residues =   3
   ------- -------                --------------- 
    D 603    HIS       matches     A 111    HIS  
    D 646    ASP       matches     A  28    ASP  
    D 739    GLY       matches     A  98    GLY  
  TRANSFORM   -0.2169 -0.2250  0.9499  0.9645  0.1008  0.2441 -0.1506  0.9691  0.1952    -3.018    65.667   140.834  
 
 Match found in 1ct9_c04     ASPARAGINE SYNTHETASE B             
   Pattern 1ct9_c04               Query structure     RMSD=  0.93 A  No. of residues =   3
   ------- -------                --------------- 
    A   1    ALA       matches     A  53    ALA  
    A  74    ASN       matches     A  51    ASN  
    A  75    GLY       matches     A  46    GLY  
  TRANSFORM   -0.7844  0.1312 -0.6063 -0.6128 -0.3151  0.7247 -0.0960  0.9400  0.3275    16.376    11.382    54.566  
 
 Match found in 1ct9_c06     ASPARAGINE SYNTHETASE B             
   Pattern 1ct9_c06               Query structure     RMSD=  0.94 A  No. of residues =   3
   ------- -------                --------------- 
    C   1    ALA       matches     A  53    ALA  
    C  74    ASN       matches     A  51    ASN  
    C  75    GLY       matches     A  46    GLY  
  TRANSFORM    0.3818  0.3466  0.8568  0.0444  0.9191 -0.3916 -0.9232  0.1875  0.3355    48.183    30.432    31.558  
 
 Match found in 1ct9_c05     ASPARAGINE SYNTHETASE B             
   Pattern 1ct9_c05               Query structure     RMSD=  0.95 A  No. of residues =   3
   ------- -------                --------------- 
    B   1    ALA       matches     A  53    ALA  
    B  74    ASN       matches     A  51    ASN  
    B  75    GLY       matches     A  46    GLY  
  TRANSFORM    0.7893  0.5313 -0.3079  0.5316 -0.8422 -0.0905 -0.3073 -0.0922 -0.9471    82.892    14.130     1.626  
 
 Match found in 2dbt_c00     CHITINASE C                         
   Pattern 2dbt_c00               Query structure     RMSD=  0.96 A  No. of residues =   3
   ------- -------                --------------- 
    A 147    GLU       matches     A  91    GLU  
    A 156    GLU       matches     A  89    GLU  
    A 194    ASN       matches     A  71    ASN  
  TRANSFORM   -0.8309 -0.5477 -0.0977 -0.5261  0.8306 -0.1823  0.1810 -0.1001 -0.9784    30.482    29.942    10.067  
 
 Match found in 2dbt_c02     CHITINASE C                         
   Pattern 2dbt_c02               Query structure     RMSD=  0.96 A  No. of residues =   3
   ------- -------                --------------- 
    C 147    GLU       matches     A  91    GLU  
    C 156    GLU       matches     A  89    GLU  
    C 194    ASN       matches     A  71    ASN  
  TRANSFORM   -0.5370 -0.4168  0.7334 -0.7470  0.6389 -0.1838 -0.3920 -0.6465 -0.6545    14.671    66.090    90.355  
 
 Match found in 2v3r_p00     EXOGLUCANASE 1                      
   Pattern 2v3r_p00               Query structure     RMSD=  0.97 A  No. of residues =   3
   ------- -------                --------------- 
    A 270    ASN       matches     A  71    ASN  
    A 384    ASN       matches     A 158    ASN  
    A 385    GLU       matches     A 179    GLU  
  TRANSFORM   -0.1999  0.6786 -0.7068 -0.4380 -0.7071 -0.5551 -0.8765  0.1986  0.4386    -3.245    27.291   121.087  
 
 Match found in 1ct9_c07     ASPARAGINE SYNTHETASE B             
   Pattern 1ct9_c07               Query structure     RMSD=  0.97 A  No. of residues =   3
   ------- -------                --------------- 
    D   1    ALA       matches     A  53    ALA  
    D  74    ASN       matches     A  51    ASN  
    D  75    GLY       matches     A  46    GLY  
  TRANSFORM   -0.1440  0.7168 -0.6823 -0.2583  0.6383  0.7251  0.9553  0.2807  0.0932   -53.638    -7.362   -17.310  
 
 Match found in 1qrz_c21     PLASMINOGEN                         
   Pattern 1qrz_c21               Query structure     RMSD=  0.97 A  No. of residues =   3
   ------- -------                --------------- 
    B 603    HIS       matches     A 111    HIS  
    B 646    ASP       matches     A  28    ASP  
    B 739    GLY       matches     A  98    GLY  
  TRANSFORM   -0.9598 -0.0211 -0.2799  0.2210 -0.6716 -0.7072 -0.1731 -0.7406  0.6493    12.184     1.786    17.242  
 
 Match found in 1qrz_c22     PLASMINOGEN                         
   Pattern 1qrz_c22               Query structure     RMSD=  0.99 A  No. of residues =   3
   ------- -------                --------------- 
    C 603    HIS       matches     A 111    HIS  
    C 646    ASP       matches     A  28    ASP  
    C 739    GLY       matches     A  98    GLY  
  TRANSFORM   -0.3594 -0.7596  0.5421  0.2647 -0.6400 -0.7213  0.8949 -0.1158  0.4311    59.737    33.147    61.830  
 
 Match found in 4kbp_c02     PURPLE ACID PHOSPHATASE             
   Pattern 4kbp_c02               Query structure     RMSD=  1.04 A  No. of residues =   3
   ------- -------                --------------- 
    C 202    HIS       matches     A 106    HIS  
    C 295    HIS       matches     A  94    HIS  
    C 296    HIS       matches     A  96    HIS  
  TRANSFORM    0.9717 -0.1118  0.2082 -0.0991  0.6068  0.7886 -0.2145 -0.7869  0.5786    66.516    56.423    54.110  
 
 Match found in 4kbp_c00     PURPLE ACID PHOSPHATASE             
   Pattern 4kbp_c00               Query structure     RMSD=  1.05 A  No. of residues =   3
   ------- -------                --------------- 
    A 202    HIS       matches     A 106    HIS  
    A 295    HIS       matches     A  94    HIS  
    A 296    HIS       matches     A  96    HIS  
  TRANSFORM    0.7168  0.6284 -0.3023  0.2538  0.1687  0.9524  0.6495 -0.7594 -0.0386     2.242    36.039    66.553  
 
 Match found in 1qe3_c00     PARA-NITROBENZYL ESTERASE           
   Pattern 1qe3_c00               Query structure     RMSD=  1.05 A  No. of residues =   3
   ------- -------                --------------- 
    A 189    SER       matches     A  25    SER  
    A 310    GLU       matches     A 116    GLU  
    A 399    HIS       matches     A 106    HIS  
  TRANSFORM   -0.8551  0.3549 -0.3780  0.0965 -0.6075 -0.7885 -0.5095 -0.7107  0.4852    59.402   122.546    52.920  
 
 Match found in 4kbp_c03     PURPLE ACID PHOSPHATASE             
   Pattern 4kbp_c03               Query structure     RMSD=  1.06 A  No. of residues =   3
   ------- -------                --------------- 
    D 202    HIS       matches     A 106    HIS  
    D 295    HIS       matches     A  94    HIS  
    D 296    HIS       matches     A  96    HIS  
  TRANSFORM    0.3587  0.7619 -0.5394 -0.0700 -0.5543 -0.8294 -0.9308  0.3352 -0.1455    16.419    31.914    55.171  
 
 Match found in 4kbp_c01     PURPLE ACID PHOSPHATASE             
   Pattern 4kbp_c01               Query structure     RMSD=  1.06 A  No. of residues =   3
   ------- -------                --------------- 
    B 202    HIS       matches     A 106    HIS  
    B 295    HIS       matches     A  94    HIS  
    B 296    HIS       matches     A  96    HIS  
  TRANSFORM    0.4535  0.5822 -0.6748 -0.3368  0.8130  0.4750  0.8252  0.0119  0.5647    39.547    26.600    -2.626  
 
 Match found in 1bol_c00     RIBONUCLEASE RH                     
   Pattern 1bol_c00               Query structure     RMSD=  1.07 A  No. of residues =   3
   ------- -------                --------------- 
    A  46    HIS       matches     A 118    HIS  
    A 105    GLU       matches     A 116    GLU  
    A 109    HIS       matches     A 106    HIS  
  TRANSFORM   -0.5332  0.6891  0.4907  0.8374  0.5123  0.1906 -0.1200  0.5125 -0.8502     1.752    31.510    15.693  
 
 Match found in 1b2m_c01     5'-R(*GP*(CH2)U)-3'                 
   Pattern 1b2m_c01               Query structure     RMSD=  1.08 A  No. of residues =   3
   ------- -------                --------------- 
    B  40    HIS       matches     A 106    HIS  
    B  58    GLU       matches     A 116    GLU  
    B  92    HIS       matches     A  94    HIS  
  TRANSFORM    0.1138 -0.4411  0.8902 -0.9853 -0.1649  0.0443  0.1273 -0.8822 -0.4534    50.449    31.494    46.814  
 
 Match found in 1a8h_c02     METHIONYL-TRNA SYNTHETASE           
   Pattern 1a8h_c02               Query structure     RMSD=  1.09 A  No. of residues =   3
   ------- -------                --------------- 
       16    ALA       matches     A 141    ALA  
       19    HIS       matches     A  94    HIS  
       22    HIS       matches     A 118    HIS  
  TRANSFORM    0.7232 -0.3408 -0.6006  0.5141  0.8464  0.1387  0.4611 -0.4091  0.7874    16.201    59.277    63.015  
 
 Match found in 2ace_c00     ACETYLCHOLINESTERASE                
   Pattern 2ace_c00               Query structure     RMSD=  1.09 A  No. of residues =   3
   ------- -------                --------------- 
      200    SER       matches     A  25    SER  
      327    GLU       matches     A 116    GLU  
      440    HIS       matches     A 106    HIS  
  TRANSFORM    0.7229  0.3582 -0.5909 -0.4017 -0.4779 -0.7812 -0.5622  0.8021 -0.2016     1.026    85.703    38.989  
 
 Match found in 1lci_c00     LUCIFERASE                          
   Pattern 1lci_c00               Query structure     RMSD=  1.13 A  No. of residues =   3
   ------- -------                --------------- 
      218    ARG       matches     A 229    ARG  
      245    HIS       matches     A  96    HIS  
      343    THR       matches     A  63    THR  
  TRANSFORM   -0.7190 -0.4921  0.4908 -0.6824  0.6337 -0.3644 -0.1317 -0.5969 -0.7914    17.305    25.309    27.291  
 
 Match found in 1r4f_c00     IAG-NUCLEOSIDE HYDROLASE            
   Pattern 1r4f_c00               Query structure     RMSD=  1.17 A  No. of residues =   3
   ------- -------                --------------- 
    A  10    ASP       matches     A  28    ASP  
    A 186    ASN       matches     A 109    ASN  
    A 260    ALA       matches     A  34    ALA  
  TRANSFORM    0.3309 -0.0160  0.9435 -0.3360  0.9323  0.1337 -0.8818 -0.3613  0.3031    73.337    24.362    -6.472  
 
 Match found in 2dbt_c00     CHITINASE C                         
   Pattern 2dbt_c00               Query structure     RMSD=  1.17 A  No. of residues =   3
   ------- -------                --------------- 
    A 147    GLU       matches     A  89    GLU  
    A 156    GLU       matches     A  91    GLU  
    A 194    ASN       matches     A 131    ASN  
  TRANSFORM    0.0141  0.1690 -0.9855 -0.1204  0.9787  0.1661  0.9926  0.1163  0.0342    52.227    74.397    28.448  
 
 Match found in 2dbt_c01     CHITINASE C                         
   Pattern 2dbt_c01               Query structure     RMSD=  1.18 A  No. of residues =   3
   ------- -------                --------------- 
    B 147    GLU       matches     A  89    GLU  
    B 156    GLU       matches     A  91    GLU  
    B 194    ASN       matches     A 131    ASN  
  TRANSFORM    0.6096  0.7311  0.3064 -0.5676  0.1327  0.8125  0.5534 -0.6692  0.4959     5.238    22.306     5.711  
 
 Match found in 1b2m_c00     5'-R(*GP*(CH2)U)-3'                 
   Pattern 1b2m_c00               Query structure     RMSD=  1.21 A  No. of residues =   3
   ------- -------                --------------- 
    A  40    HIS       matches     A 106    HIS  
    A  58    GLU       matches     A 116    GLU  
    A  92    HIS       matches     A  94    HIS  
  TRANSFORM    0.1027  0.9060 -0.4107  0.2811  0.3696  0.8856  0.9542 -0.2064 -0.2167    39.595    13.929    55.340  
 
 Match found in 1gal_c00     GLUCOSE OXIDASE (E.C.1.1.3.4)       
   Pattern 1gal_c00               Query structure     RMSD=  1.22 A  No. of residues =   3
   ------- -------                --------------- 
      412    GLU       matches     A 105    GLU  
      516    HIS       matches     A  94    HIS  
      559    HIS       matches     A 118    HIS  
  TRANSFORM    0.8946  0.2728 -0.3539 -0.1450  0.9263  0.3477  0.4227 -0.2597  0.8683    14.837   -74.002  -123.756  
 
 Match found in 1xny_c00     PROPIONYL-COA CARBOXYLASE COMPLEX B 
   Pattern 1xny_c00               Query structure     RMSD=  1.22 A  No. of residues =   3
   ------- -------                --------------- 
    A 183    GLY       matches     A  98    GLY  
    B 419    GLY       matches     A 103    GLY  
    B 420    ALA       matches     A 114    ALA  
  TRANSFORM    0.8804 -0.3235  0.3467  0.1681  0.8966  0.4097 -0.4434 -0.3025  0.8438    23.215    20.691    36.902  
 
 Match found in 2odj_o00     PORIN D                             
   Pattern 2odj_o00               Query structure     RMSD=  1.22 A  No. of residues =   3
   ------- -------                --------------- 
    A 156    HIS       matches     A  62    HIS  
    A 208    ASP       matches     A 244    ASP  
    A 296    SER       matches     A 134    SER  
  TRANSFORM    0.4633  0.2604 -0.8471 -0.3167 -0.8441 -0.4327 -0.8277  0.4688 -0.3086   -14.296   -12.095    65.604  
 
 Match found in 2odj_o01     PORIN D                             
   Pattern 2odj_o01               Query structure     RMSD=  1.23 A  No. of residues =   3
   ------- -------                --------------- 
    B 156    HIS       matches     A  62    HIS  
    B 208    ASP       matches     A 244    ASP  
    B 296    SER       matches     A 134    SER  
  TRANSFORM   -0.7638 -0.0042  0.6454 -0.0880 -0.9900 -0.1105  0.6394 -0.1412  0.7558    27.748    59.772    48.556  
 
 Match found in 1chm_c00     CREATINE AMIDINOHYDROLASE (E.C.3.5.3
   Pattern 1chm_c00               Query structure     RMSD=  1.23 A  No. of residues =   3
   ------- -------                --------------- 
    A 232    HIS       matches     A  94    HIS  
    A 262    GLU       matches     A 116    GLU  
    A 358    GLU       matches     A 105    GLU  
  TRANSFORM   -0.2931 -0.7071  0.6436 -0.8515 -0.1132 -0.5120  0.4349 -0.6980 -0.5689    11.768    14.718    18.930  
 
 Match found in 1ula_c00     PURINE NUCLEOSIDE PHOSPHORYLASE (E.C
   Pattern 1ula_c00               Query structure     RMSD=  1.25 A  No. of residues =   3
   ------- -------                --------------- 
       86    HIS       matches     A  96    HIS  
       89    GLU       matches     A 105    GLU  
      243    ASN       matches     A  59    ASN  
  TRANSFORM    0.0465 -0.2083  0.9770  0.4446 -0.8715 -0.2070  0.8945  0.4440  0.0521    12.870    34.935    10.991  
 
 Match found in 1rtu_c00     RIBONUCLEASE U2                     
   Pattern 1rtu_c00               Query structure     RMSD=  1.26 A  No. of residues =   3
   ------- -------                --------------- 
       41    HIS       matches     A 106    HIS  
       62    GLU       matches     A 105    GLU  
      101    HIS       matches     A  94    HIS  
  TRANSFORM    0.9005 -0.2904 -0.3236  0.2714  0.9569 -0.1035  0.3397  0.0054  0.9405    14.260    -8.370    51.315  
 
 Match found in 1cns_c01     CHITINASE                           
   Pattern 1cns_c01               Query structure     RMSD=  1.27 A  No. of residues =   3
   ------- -------                --------------- 
    B  67    GLU       matches     A  91    GLU  
    B  89    GLU       matches     A  56    GLU  
    B 120    SER       matches     A  65    SER  
  TRANSFORM   -0.1183 -0.9402 -0.3194 -0.2378  0.3391 -0.9102  0.9641 -0.0317 -0.2637    14.791    -2.367    28.514  
 
 Match found in 1itx_c00     GLYCOSYL HYDROLASE                  
   Pattern 1itx_c00               Query structure     RMSD=  1.28 A  No. of residues =   3
   ------- -------                --------------- 
    A 202    ASP       matches     A 244    ASP  
    A 204    GLU       matches     A 105    GLU  
    A 279    TYR       matches     A 205    TYR  
  TRANSFORM   -0.5922 -0.1900 -0.7831 -0.1211  0.9817 -0.1467  0.7967  0.0080 -0.6044   -37.227    -7.919    -7.628  
 
 Match found in 1qrz_c21     PLASMINOGEN                         
   Pattern 1qrz_c21               Query structure     RMSD=  1.29 A  No. of residues =   3
   ------- -------                --------------- 
    B 603    HIS       matches     A 111    HIS  
    B 646    ASP       matches     A  28    ASP  
    B 739    GLY       matches     A 143    GLY  
  TRANSFORM   -0.9456 -0.0374  0.3232  0.1059 -0.9747  0.1969  0.3076  0.2204  0.9256     8.142     1.411    -1.386  
 
 Match found in 1qrz_c22     PLASMINOGEN                         
   Pattern 1qrz_c22               Query structure     RMSD=  1.30 A  No. of residues =   3
   ------- -------                --------------- 
    C 603    HIS       matches     A 111    HIS  
    C 646    ASP       matches     A  28    ASP  
    C 739    GLY       matches     A 143    GLY  
  TRANSFORM    0.4232  0.0448 -0.9049  0.0536  0.9958  0.0743  0.9044 -0.0799  0.4190    41.842    77.913    51.840  
 
 Match found in 1chm_c01     CREATINE AMIDINOHYDROLASE (E.C.3.5.3
   Pattern 1chm_c01               Query structure     RMSD=  1.30 A  No. of residues =   3
   ------- -------                --------------- 
    B 232    HIS       matches     A  94    HIS  
    B 262    GLU       matches     A 116    GLU  
    B 358    GLU       matches     A 105    GLU  
  TRANSFORM   -0.1468  0.7786  0.6100  0.4779 -0.4841  0.7330  0.8660  0.3992 -0.3011    53.090    33.296    -6.615  
 
 Match found in 1mpy_c01     CATECHOL 2,3-DIOXYGENASE            
   Pattern 1mpy_c01               Query structure     RMSD=  1.31 A  No. of residues =   3
   ------- -------                --------------- 
    B 199    HIS       matches     A 118    HIS  
    B 246    HIS       matches     A 106    HIS  
    B 255    TYR       matches     A 196    TYR  
  TRANSFORM   -0.2500  0.6214  0.7425 -0.0123  0.7648 -0.6441 -0.9682 -0.1702 -0.1836   -13.882    19.198    -9.374  
 
 Match found in 2tdt_c00     TETRAHYDRODIPICOLINATE N-SUCCINYLTRA
   Pattern 2tdt_c00               Query structure     RMSD=  1.32 A  No. of residues =   3
   ------- -------                --------------- 
      141    ASP       matches     A  10    ASP  
      166    GLY       matches     A 138    GLY  
      169    GLU       matches     A  89    GLU  
  TRANSFORM    0.7567  0.6537 -0.0012  0.4635 -0.5378 -0.7042 -0.4610  0.5324 -0.7100   -56.944    -0.206    44.763  
 
 Match found in 1qrz_c23     PLASMINOGEN                         
   Pattern 1qrz_c23               Query structure     RMSD=  1.32 A  No. of residues =   3
   ------- -------                --------------- 
    D 603    HIS       matches     A 106    HIS  
    D 646    ASP       matches     A  28    ASP  
    D 739    GLY       matches     A 146    GLY  
  TRANSFORM    0.7251  0.6882  0.0242  0.4866 -0.4872 -0.7251 -0.4873  0.5376 -0.6882    -3.288    -0.824     6.395  
 
 Match found in 1qrz_c22     PLASMINOGEN                         
   Pattern 1qrz_c22               Query structure     RMSD=  1.33 A  No. of residues =   3
   ------- -------                --------------- 
    C 603    HIS       matches     A 106    HIS  
    C 646    ASP       matches     A  28    ASP  
    C 739    GLY       matches     A 146    GLY  
  TRANSFORM   -0.7717  0.2598  0.5805 -0.3997 -0.9081 -0.1249  0.4947 -0.3284  0.8046     8.561    33.453    13.423  
 
 Match found in 1rtu_c00     RIBONUCLEASE U2                     
   Pattern 1rtu_c00               Query structure     RMSD=  1.33 A  No. of residues =   3
   ------- -------                --------------- 
       41    HIS       matches     A 106    HIS  
       62    GLU       matches     A 116    GLU  
      101    HIS       matches     A  94    HIS  
  TRANSFORM   -0.3744  0.9019  0.2153 -0.3833  0.0609 -0.9216 -0.8443 -0.4276  0.3229    46.410     4.521    -1.741  
 
 Match found in 1mpy_c03     CATECHOL 2,3-DIOXYGENASE            
   Pattern 1mpy_c03               Query structure     RMSD=  1.33 A  No. of residues =   3
   ------- -------                --------------- 
    D 199    HIS       matches     A 118    HIS  
    D 246    HIS       matches     A 106    HIS  
    D 255    TYR       matches     A 196    TYR  
  TRANSFORM    0.6409  0.7661 -0.0482  0.7664 -0.6351  0.0964  0.0433 -0.0987 -0.9942    84.144    18.002     3.818  
 
 Match found in 2dbt_c00     CHITINASE C                         
   Pattern 2dbt_c00               Query structure     RMSD=  1.33 A  No. of residues =   3
   ------- -------                --------------- 
    A 147    GLU       matches     A  91    GLU  
    A 156    GLU       matches     A  89    GLU  
    A 194    ASN       matches     A  70    ASN  
  TRANSFORM    0.6915 -0.3173  0.6490 -0.4770  0.4741  0.7401 -0.5425 -0.8213  0.1765   -19.977    -5.372    39.563  
 
 Match found in 1qrz_c20     PLASMINOGEN                         
   Pattern 1qrz_c20               Query structure     RMSD=  1.33 A  No. of residues =   3
   ------- -------                --------------- 
    A 603    HIS       matches     A 106    HIS  
    A 646    ASP       matches     A  28    ASP  
    A 739    GLY       matches     A 146    GLY  
  TRANSFORM    0.3557 -0.2969  0.8862 -0.2572  0.8805  0.3983 -0.8985 -0.3696  0.2369    12.272     9.380     0.430  
 
 Match found in 2tmd_c02     TRIMETHYLAMINE DEHYDROGENASE        
   Pattern 2tmd_c02               Query structure     RMSD=  1.34 A  No. of residues =   3
   ------- -------                --------------- 
    A 169    TYR       matches     A 257    TYR  
    A 172    HIS       matches     A 192    HIS  
    A 174    TYR       matches     A 193    TYR  
  TRANSFORM    0.9561 -0.1433  0.2557  0.2928  0.4222 -0.8579  0.0150  0.8951  0.4457    34.360    89.884    11.649  
 
 Match found in 1ctn_c00     CHITINASE A (E.C.3.2.1.14) (PH 5.5, 
   Pattern 1ctn_c00               Query structure     RMSD=  1.34 A  No. of residues =   3
   ------- -------                --------------- 
      313    ASP       matches     A 244    ASP  
      315    GLU       matches     A 105    GLU  
      390    TYR       matches     A 205    TYR  
  TRANSFORM   -0.3900 -0.5802 -0.7150  0.5057 -0.7839  0.3602 -0.7695 -0.2211  0.5991    76.081    41.386    28.813  
 
 Match found in 1w1o_c00     CYTOKININ DEHYDROGENASE 1           
   Pattern 1w1o_c00               Query structure     RMSD=  1.34 A  No. of residues =   3
   ------- -------                --------------- 
    A 105    HIS       matches     A 106    HIS  
    A 169    ASP       matches     A 244    ASP  
    A 288    GLU       matches     A 242    GLU  
  TRANSFORM    0.6756 -0.2788  0.6825 -0.4836  0.5311  0.6957 -0.5565 -0.8001  0.2240   -48.125    -5.709     0.873  
 
 Match found in 1qrz_c21     PLASMINOGEN                         
   Pattern 1qrz_c21               Query structure     RMSD=  1.35 A  No. of residues =   3
   ------- -------                --------------- 
    B 603    HIS       matches     A 106    HIS  
    B 646    ASP       matches     A  28    ASP  
    B 739    GLY       matches     A 146    GLY  
  TRANSFORM    0.9965 -0.0633  0.0551 -0.0417  0.1965  0.9796 -0.0729 -0.9785  0.1932   -47.317    -2.599     3.653  
 
 Match found in 1qrz_c21     PLASMINOGEN                         
   Pattern 1qrz_c21               Query structure     RMSD=  1.35 A  No. of residues =   3
   ------- -------                --------------- 
    B 603    HIS       matches     A 106    HIS  
    B 646    ASP       matches     A  28    ASP  
    B 739    GLY       matches     A  98    GLY  
  TRANSFORM    0.2565 -0.7697 -0.5846 -0.2186  0.5430 -0.8108  0.9415  0.3358 -0.0290    89.298    -5.015    -2.032  
 
 Match found in 1mpy_c02     CATECHOL 2,3-DIOXYGENASE            
   Pattern 1mpy_c02               Query structure     RMSD=  1.35 A  No. of residues =   3
   ------- -------                --------------- 
    C 199    HIS       matches     A 118    HIS  
    C 246    HIS       matches     A 106    HIS  
    C 255    TYR       matches     A 196    TYR  
  TRANSFORM   -0.5714 -0.2424 -0.7841 -0.1128  0.9695 -0.2175  0.8129 -0.0358 -0.5813    -9.084    -7.446    30.957  
 
 Match found in 1qrz_c20     PLASMINOGEN                         
   Pattern 1qrz_c20               Query structure     RMSD=  1.36 A  No. of residues =   3
   ------- -------                --------------- 
    A 603    HIS       matches     A 111    HIS  
    A 646    ASP       matches     A  28    ASP  
    A 739    GLY       matches     A 143    GLY  
  TRANSFORM    0.3817  0.9143 -0.1351  0.0146 -0.1521 -0.9883 -0.9242  0.3753 -0.0714    -5.570    -4.071     4.883  
 
 Match found in 1qrz_c22     PLASMINOGEN                         
   Pattern 1qrz_c22               Query structure     RMSD=  1.36 A  No. of residues =   3
   ------- -------                --------------- 
    C 603    HIS       matches     A 106    HIS  
    C 646    ASP       matches     A  28    ASP  
    C 739    GLY       matches     A  98    GLY  
  TRANSFORM    0.3147 -0.9274 -0.2021  0.0908 -0.1825  0.9790 -0.9449 -0.3264  0.0267    95.933    23.502    -6.391  
 
 Match found in 1mpy_c00     CATECHOL 2,3-DIOXYGENASE            
   Pattern 1mpy_c00               Query structure     RMSD=  1.36 A  No. of residues =   3
   ------- -------                --------------- 
    A 199    HIS       matches     A 118    HIS  
    A 246    HIS       matches     A 106    HIS  
    A 255    TYR       matches     A 196    TYR  
  TRANSFORM   -0.4906 -0.6699  0.5574 -0.4190 -0.3795 -0.8249  0.7641 -0.6382 -0.0945    -6.229    64.914    33.061  
 
 Match found in 1o8s_p00     PUTATIVE ENDO-XYLANASE              
   Pattern 1o8s_p00               Query structure     RMSD=  1.37 A  No. of residues =   3
   ------- -------                --------------- 
    A  56    TYR       matches     A  33    TYR  
    A 112    PHE       matches     A 250    PHE  
    A 140    ASN       matches     A 252    ASN  
  TRANSFORM    0.5547 -0.2436  0.7956 -0.3474  0.8011  0.4874 -0.7561 -0.5468  0.3597    29.109   108.027    24.480  
 
 Match found in 1grc_c03     GLYCINAMIDE RIBONUCLEOTIDE TRANSFORM
   Pattern 1grc_c03               Query structure     RMSD=  1.39 A  No. of residues =   3
   ------- -------                --------------- 
    B 106    ASN       matches     A 153    ASN  
    B 108    HIS       matches     A 219    HIS  
    B 144    ASP       matches     A 101    ASP  
  TRANSFORM   -0.2632  0.1608  0.9512 -0.0071  0.9857 -0.1685 -0.9647 -0.0511 -0.2583     5.196    27.619    16.136  
 
 Match found in 1b2m_c01     5'-R(*GP*(CH2)U)-3'                 
   Pattern 1b2m_c01               Query structure     RMSD=  1.39 A  No. of residues =   3
   ------- -------                --------------- 
    B  40    HIS       matches     A 106    HIS  
    B  58    GLU       matches     A 105    GLU  
    B  92    HIS       matches     A  94    HIS  
  TRANSFORM    0.6338  0.7631  0.1263  0.7519 -0.5696 -0.3319 -0.1813  0.3053 -0.9348   -26.890    53.045   -11.166  
 
 Match found in 1hkd_p00     PEA LECTIN ALPHA CHAIN              
   Pattern 1hkd_p00               Query structure     RMSD=  1.39 A  No. of residues =   3
   ------- -------                --------------- 
    A  81    ASP       matches     A  28    ASP  
    A  99    GLY       matches     A 110    GLY  
    A 125    ASN       matches     A 109    ASN  
  TRANSFORM   -0.4965  0.4383 -0.7493 -0.7708  0.1744  0.6128  0.3992  0.8818  0.2512    56.582    -7.476    22.960  
 
 Match found in 2tmd_c03     TRIMETHYLAMINE DEHYDROGENASE        
   Pattern 2tmd_c03               Query structure     RMSD=  1.39 A  No. of residues =   3
   ------- -------                --------------- 
    B 169    TYR       matches     A 257    TYR  
    B 172    HIS       matches     A 192    HIS  
    B 174    TYR       matches     A 193    TYR  
  TRANSFORM   -0.9439 -0.0925  0.3171  0.1469 -0.9774  0.1522  0.2958  0.1902  0.9361   -45.265     1.662    37.220  
 
 Match found in 1qrz_c23     PLASMINOGEN                         
   Pattern 1qrz_c23               Query structure     RMSD=  1.40 A  No. of residues =   3
   ------- -------                --------------- 
    D 603    HIS       matches     A 111    HIS  
    D 646    ASP       matches     A  28    ASP  
    D 739    GLY       matches     A 143    GLY  
  TRANSFORM    0.5738 -0.5334  0.6215 -0.3304 -0.8451 -0.4203  0.7494  0.0359 -0.6612    43.967    37.711    -0.792  
 
 Match found in 1bol_c00     RIBONUCLEASE RH                     
   Pattern 1bol_c00               Query structure     RMSD=  1.40 A  No. of residues =   3
   ------- -------                --------------- 
    A  46    HIS       matches     A 106    HIS  
    A 105    GLU       matches     A 116    GLU  
    A 109    HIS       matches     A 118    HIS  
  TRANSFORM    0.9672 -0.1247 -0.2212  0.0089  0.8873 -0.4611  0.2537  0.4440  0.8593    75.276    31.999   -36.703  
 
 Match found in 1vom_c00     MYOSIN                              
   Pattern 1vom_c00               Query structure     RMSD=  1.40 A  No. of residues =   3
   ------- -------                --------------- 
      233    ASN       matches     A 251    ASN  
      457    GLY       matches     A 198    GLY  
      459    GLU       matches     A 207    GLU  
  TRANSFORM    0.5307  0.7845 -0.3208  0.6438 -0.1270  0.7546  0.5512 -0.6069 -0.5725     0.245    41.655    67.104  
 
 Match found in 1qe3_c00     PARA-NITROBENZYL ESTERASE           
   Pattern 1qe3_c00               Query structure     RMSD=  1.41 A  No. of residues =   3
   ------- -------                --------------- 
    A 189    SER       matches     A  25    SER  
    A 310    GLU       matches     A 105    GLU  
    A 399    HIS       matches     A 106    HIS  
  TRANSFORM   -0.6635 -0.2404  0.7085  0.3240  0.7613  0.5617 -0.6744  0.6022 -0.4272    55.480    30.188    18.428  
 
 Match found in 1eo7_c00     CYCLODEXTRIN GLYCOSYLTRANSFERASE    
   Pattern 1eo7_c00               Query structure     RMSD=  1.41 A  No. of residues =   3
   ------- -------                --------------- 
    A 229    ALA       matches     A 161    ALA  
    A 257    ALA       matches     A 157    ALA  
    A 328    ASP       matches     A 152    ASP  
  TRANSFORM    0.3884 -0.0169 -0.9213  0.5568  0.8010  0.2200  0.7343 -0.5984  0.3205    13.137    59.797    68.242  
 
 Match found in 2ace_c00     ACETYLCHOLINESTERASE                
   Pattern 2ace_c00               Query structure     RMSD=  1.41 A  No. of residues =   3
   ------- -------                --------------- 
      200    SER       matches     A  25    SER  
      327    GLU       matches     A 105    GLU  
      440    HIS       matches     A 106    HIS  
  TRANSFORM   -0.3043  0.7903 -0.5318 -0.1574 -0.5923 -0.7902 -0.9395 -0.1568  0.3046   -35.715    37.639   -18.485  
 
 Match found in 1ddj_c13     PLASMINOGEN                         
   Pattern 1ddj_c13               Query structure     RMSD=  1.42 A  No. of residues =   3
   ------- -------                --------------- 
    B 603    HIS       matches     A  96    HIS  
    B 646    ASP       matches     A 244    ASP  
    B 739    GLY       matches     A  61    GLY  
  TRANSFORM   -0.5681  0.5172 -0.6401  0.8091  0.4930 -0.3198  0.1502 -0.6996 -0.6986   -23.469     1.547    43.249  
 
 Match found in 1qrz_c12     PLASMINOGEN                         
   Pattern 1qrz_c12               Query structure     RMSD=  1.42 A  No. of residues =   3
   ------- -------                --------------- 
    A 603    HIS       matches     A 106    HIS  
    A 646    ASP       matches     A  28    ASP  
    A 741    SER       matches     A  25    SER  
  TRANSFORM    0.9962 -0.0874  0.0069  0.0056  0.1426  0.9898 -0.0875 -0.9859  0.1426   -19.290    -2.093    42.164  
 
 Match found in 1qrz_c20     PLASMINOGEN                         
   Pattern 1qrz_c20               Query structure     RMSD=  1.43 A  No. of residues =   3
   ------- -------                --------------- 
    A 603    HIS       matches     A 106    HIS  
    A 646    ASP       matches     A  28    ASP  
    A 739    GLY       matches     A  98    GLY  
  TRANSFORM   -0.5958 -0.6877  0.4149  0.8028 -0.5246  0.2833  0.0229  0.5019  0.8646    38.216    67.218    24.374  
 
 Match found in 2dbt_c01     CHITINASE C                         
   Pattern 2dbt_c01               Query structure     RMSD=  1.43 A  No. of residues =   3
   ------- -------                --------------- 
    B 147    GLU       matches     A  91    GLU  
    B 156    GLU       matches     A  89    GLU  
    B 194    ASN       matches     A  70    ASN  
  TRANSFORM   -0.5461 -0.7613 -0.3494 -0.6774  0.6468 -0.3505  0.4928  0.0453 -0.8690    30.314    26.837    13.556  
 
 Match found in 2dbt_c02     CHITINASE C                         
   Pattern 2dbt_c02               Query structure     RMSD=  1.43 A  No. of residues =   3
   ------- -------                --------------- 
    C 147    GLU       matches     A  91    GLU  
    C 156    GLU       matches     A  89    GLU  
    C 194    ASN       matches     A  70    ASN  
  TRANSFORM   -0.3715  0.7923  0.4840 -0.8073 -0.5331  0.2531  0.4585 -0.2967  0.8377   -61.811    -6.866    46.602  
 
 Match found in 1qrz_c15     PLASMINOGEN                         
   Pattern 1qrz_c15               Query structure     RMSD=  1.44 A  No. of residues =   3
   ------- -------                --------------- 
    D 603    HIS       matches     A 106    HIS  
    D 646    ASP       matches     A  28    ASP  
    D 741    SER       matches     A  25    SER  
  TRANSFORM    0.9636  0.2590 -0.0670 -0.2628  0.8696 -0.4181 -0.0500  0.4205  0.9059    23.806    23.732   -18.317  
 
 Match found in 2tmd_c02     TRIMETHYLAMINE DEHYDROGENASE        
   Pattern 2tmd_c02               Query structure     RMSD=  1.44 A  No. of residues =   3
   ------- -------                --------------- 
    A 169    TYR       matches     A 257    TYR  
    A 172    HIS       matches     A 192    HIS  
    A 174    TYR       matches     A 259    TYR  
  TRANSFORM   -0.9707 -0.1950 -0.1407 -0.2250  0.9428  0.2459  0.0847  0.2703 -0.9590    -5.871   -21.684    -4.977  
 
 Match found in 1be1_c02     GLUTAMATE MUTASE                    
   Pattern 1be1_c02               Query structure     RMSD=  1.45 A  No. of residues =   3
   ------- -------                --------------- 
       14    ASP       matches     A  28    ASP  
       16    HIS       matches     A 106    HIS  
       67    GLY       matches     A  20    GLY  
  TRANSFORM   -0.9972 -0.0206  0.0715  0.0129  0.8986  0.4385 -0.0733  0.4382 -0.8959    46.480   -10.944    46.951  
 
 Match found in 2tmd_c03     TRIMETHYLAMINE DEHYDROGENASE        
   Pattern 2tmd_c03               Query structure     RMSD=  1.45 A  No. of residues =   3
   ------- -------                --------------- 
    B 169    TYR       matches     A 257    TYR  
    B 172    HIS       matches     A 192    HIS  
    B 174    TYR       matches     A 259    TYR  
  TRANSFORM    0.3955  0.8999 -0.1839  0.0227 -0.2098 -0.9775 -0.9182  0.3824 -0.1033   -59.367    -3.287    43.136  
 
 Match found in 1qrz_c23     PLASMINOGEN                         
   Pattern 1qrz_c23               Query structure     RMSD=  1.46 A  No. of residues =   3
   ------- -------                --------------- 
    D 603    HIS       matches     A 106    HIS  
    D 646    ASP       matches     A  28    ASP  
    D 739    GLY       matches     A  98    GLY  
