******************************************************* user.XUMS **************************************************************
  TRANSFORM    0.7324 -0.2913  0.6155  0.3515  0.9359  0.0246 -0.5831  0.1983  0.7878    52.007   -94.378  -114.895  
 
 Match found in 1xny_c01     PROPIONYL-COA CARBOXYLASE COMPLEX B 
   Pattern 1xny_c01               Query structure     RMSD=  0.71 A  No. of residues =   3
   ------- -------                --------------- 
    A 420    ALA       matches     A  20    ALA  
    B 182    GLY       matches     A  15    GLY  
    B 183    GLY       matches     A  16    GLY  
  TRANSFORM   -0.1681 -0.1799  0.9692  0.7729  0.5862  0.2429 -0.6119  0.7899  0.0405    15.965    23.773   -13.700  
 
 Match found in 1mro_c00     METHYL-COENZYME M REDUCTASE         
   Pattern 1mro_c00               Query structure     RMSD=  0.76 A  No. of residues =   3
   ------- -------                --------------- 
    A 465    GLY       matches     A 247    GLY  
    A 501    ASP       matches     A  30    ASP  
    B 367    TYR       matches     A 172    TYR  
  TRANSFORM   -0.7340 -0.5340  0.4196 -0.3384 -0.2482 -0.9077  0.5889 -0.8082  0.0015    30.594    52.240   -51.802  
 
 Match found in 1mro_c01     METHYL-COENZYME M REDUCTASE         
   Pattern 1mro_c01               Query structure     RMSD=  0.81 A  No. of residues =   3
   ------- -------                --------------- 
    D 465    GLY       matches     A 247    GLY  
    D 501    ASP       matches     A  30    ASP  
    E 367    TYR       matches     A 172    TYR  
  TRANSFORM    0.9188 -0.3554  0.1719 -0.2280 -0.1220  0.9660 -0.3223 -0.9267 -0.1931    98.469    17.620    47.638  
 
 Match found in 1mjo_d00     TRANSCRIPTION/DNA                   
   Pattern 1mjo_d00               Query structure     RMSD=  0.90 A  No. of residues =   3
   ------- -------                --------------- 
    D  23    LYS       matches     A 144    LYS  
    D  25    THR       matches     A 149    THR  
    D  27    SER       matches     A 153    SER  
  TRANSFORM    0.4327 -0.8314  0.3487 -0.3869 -0.5206 -0.7611  0.8143  0.1945 -0.5469     4.677    11.202    36.012  
 
 Match found in 1ef8_c02     METHYLMALONYL COA DECARBOXYLASE     
   Pattern 1ef8_c02               Query structure     RMSD=  0.91 A  No. of residues =   3
   ------- -------                --------------- 
    C  66    HIS       matches     A  81    HIS  
    C 110    GLY       matches     A  80    GLY  
    C 140    TYR       matches     A 146    TYR  
  TRANSFORM    0.3245 -0.2224 -0.9194  0.3514  0.9307 -0.1011  0.8782 -0.2903  0.3802    21.744    35.958    23.108  
 
 Match found in 1ef8_c01     METHYLMALONYL COA DECARBOXYLASE     
   Pattern 1ef8_c01               Query structure     RMSD=  0.98 A  No. of residues =   3
   ------- -------                --------------- 
    B  66    HIS       matches     A  81    HIS  
    B 110    GLY       matches     A  80    GLY  
    B 140    TYR       matches     A 146    TYR  
  TRANSFORM   -0.3529 -0.0789 -0.9323 -0.7744 -0.5345  0.3384 -0.5251  0.8414  0.1275    22.015  -102.913  -122.331  
 
 Match found in 1xny_c01     PROPIONYL-COA CARBOXYLASE COMPLEX B 
   Pattern 1xny_c01               Query structure     RMSD=  0.99 A  No. of residues =   3
   ------- -------                --------------- 
    A 420    ALA       matches     A  23    ALA  
    B 182    GLY       matches     A  16    GLY  
    B 183    GLY       matches     A  15    GLY  
  TRANSFORM    0.7392 -0.0188 -0.6733  0.3158  0.8926  0.3218  0.5949 -0.4505  0.6657    17.142   -54.609  -117.754  
 
 Match found in 1xny_c00     PROPIONYL-COA CARBOXYLASE COMPLEX B 
   Pattern 1xny_c00               Query structure     RMSD=  1.13 A  No. of residues =   3
   ------- -------                --------------- 
    A 183    GLY       matches     A  16    GLY  
    B 419    GLY       matches     A  15    GLY  
    B 420    ALA       matches     A 304    ALA  
  TRANSFORM    0.8221  0.5600  0.1031  0.0964 -0.3153  0.9441  0.5612 -0.7662 -0.3132    28.944     4.618    17.226  
 
 Match found in 1ef8_c00     METHYLMALONYL COA DECARBOXYLASE     
   Pattern 1ef8_c00               Query structure     RMSD=  1.14 A  No. of residues =   3
   ------- -------                --------------- 
    A  66    HIS       matches     A  81    HIS  
    A 110    GLY       matches     A  80    GLY  
    A 140    TYR       matches     A 146    TYR  
  TRANSFORM    0.8596 -0.4465 -0.2485 -0.0932 -0.6150  0.7830 -0.5025 -0.6499 -0.5703   -29.150    -2.154    17.113  
 
 Match found in 1wbf_p00     PROTEIN (AGGLUTININ)                
   Pattern 1wbf_p00               Query structure     RMSD=  1.14 A  No. of residues =   3
   ------- -------                --------------- 
    A  44    ASN       matches     A 310    ASN  
    A 213    PRO       matches     A 317    PRO  
    A 219    ASN       matches     A 262    ASN  
  TRANSFORM   -0.1175  0.9930  0.0082 -0.9613 -0.1116 -0.2518 -0.2491 -0.0374  0.9677    56.364   -92.940  -127.748  
 
 Match found in 1xny_c01     PROPIONYL-COA CARBOXYLASE COMPLEX B 
   Pattern 1xny_c01               Query structure     RMSD=  1.15 A  No. of residues =   3
   ------- -------                --------------- 
    A 420    ALA       matches     A 323    ALA  
    B 182    GLY       matches     A 288    GLY  
    B 183    GLY       matches     A 327    GLY  
  TRANSFORM   -0.7874  0.4327  0.4391  0.5722  0.7780  0.2595 -0.2294  0.4556 -0.8601    -4.557    24.057     7.400  
 
 Match found in 2tdt_c00     TETRAHYDRODIPICOLINATE N-SUCCINYLTRA
   Pattern 2tdt_c00               Query structure     RMSD=  1.19 A  No. of residues =   3
   ------- -------                --------------- 
      141    ASP       matches     A 156    ASP  
      166    GLY       matches     A  10    GLY  
      169    GLU       matches     A  31    GLU  
  TRANSFORM   -0.4688  0.4077 -0.7836 -0.8363 -0.4904  0.2451 -0.2844  0.7702  0.5708    66.010   -31.400   -35.698  
 
 Match found in 1d6o_c01     FK506-BINDING PROTEIN               
   Pattern 1d6o_c01               Query structure     RMSD=  1.23 A  No. of residues =   3
   ------- -------                --------------- 
    B  37    ASP       matches     A 190    ASP  
    B  56    ILE       matches     A 161    ILE  
    B  82    TYR       matches     A 192    TYR  
  TRANSFORM    0.9458  0.3063  0.1076 -0.2503  0.8991 -0.3591 -0.2067  0.3127  0.9271     9.275    40.287    32.656  
 
 Match found in 1r4f_c00     IAG-NUCLEOSIDE HYDROLASE            
   Pattern 1r4f_c00               Query structure     RMSD=  1.24 A  No. of residues =   3
   ------- -------                --------------- 
    A  10    ASP       matches     A 307    ASP  
    A 186    ASN       matches     A 310    ASN  
    A 260    ALA       matches     A 338    ALA  
  TRANSFORM   -0.8624 -0.3647 -0.3511 -0.4070  0.0871  0.9093 -0.3011  0.9270 -0.2236    -4.414    14.887    19.298  
 
 Match found in 2tdt_c00     TETRAHYDRODIPICOLINATE N-SUCCINYLTRA
   Pattern 2tdt_c00               Query structure     RMSD=  1.26 A  No. of residues =   3
   ------- -------                --------------- 
      141    ASP       matches     A  30    ASP  
      166    GLY       matches     A 288    GLY  
      169    GLU       matches     A 286    GLU  
  TRANSFORM   -0.5932  0.8050  0.0110 -0.5337 -0.4034  0.7432  0.6027  0.4350  0.6689   -29.596    48.406    89.739  
 
 Match found in 2z3x_d00     DNA BINDING PROTEIN/DNA             
   Pattern 2z3x_d00               Query structure     RMSD=  1.26 A  No. of residues =   3
   ------- -------                --------------- 
    B  34    SER       matches     A  58    SER  
    B  37    ASN       matches     A  60    ASN  
    B  45    THR       matches     A 258    THR  
  TRANSFORM   -0.8106 -0.4847  0.3287  0.5855 -0.6591  0.4719 -0.0121  0.5750  0.8181    35.298   103.734     7.153  
 
 Match found in 2amg_c06     1,4-ALPHA-D-GLUCAN MALTOTETRAHYDROLA
   Pattern 2amg_c06               Query structure     RMSD=  1.26 A  No. of residues =   3
   ------- -------                --------------- 
      193    ASP       matches     A 167    ASP  
      231    ASP       matches     A 254    ASP  
      294    ASP       matches     A 195    ASP  
  TRANSFORM    0.7152 -0.6285 -0.3057  0.6266  0.3830  0.6787 -0.3095 -0.6770  0.6678    42.659    30.836    50.490  
 
 Match found in 1gdo_c01     GLUCOSAMINE 6-PHOSPHATE SYNTHASE    
   Pattern 1gdo_c01               Query structure     RMSD=  1.27 A  No. of residues =   3
   ------- -------                --------------- 
    D   1    CYH       matches     A 198    CYH  
    D  98    ASN       matches     A 166    ASN  
    D  99    GLY       matches     A 165    GLY  
  TRANSFORM   -0.6259  0.7534  0.2016  0.6770  0.6532 -0.3392 -0.3872 -0.0758 -0.9189    78.281    63.307    35.927  
 
 Match found in 1ecf_c00     GLUTAMINE PHOSPHORIBOSYLPYROPHOSPHAT
   Pattern 1ecf_c00               Query structure     RMSD=  1.27 A  No. of residues =   3
   ------- -------                --------------- 
    A   1    CYH       matches     A  11    CYH  
    A 101    ASN       matches     A  12    ASN  
    A 102    GLY       matches     A 302    GLY  
  TRANSFORM   -0.1723 -0.5402  0.8237 -0.5697 -0.6276 -0.5307  0.8036 -0.5607 -0.1996     2.701    54.810     5.392  
 
 Match found in 1b02_c02     THYMIDYLATE SYNTHASE                
   Pattern 1b02_c02               Query structure     RMSD=  1.28 A  No. of residues =   3
   ------- -------                --------------- 
    A  71    GLU       matches     A 128    GLU  
    A 161    CYH       matches     A 198    CYH  
    A 192    ASN       matches     A 166    ASN  
  TRANSFORM   -0.5510  0.8131  0.1879 -0.6737 -0.3005 -0.6752 -0.4925 -0.4986  0.7133    26.294    77.741    21.145  
 
 Match found in 1ig8_c00     HEXOKINASE PII                      
   Pattern 1ig8_c00               Query structure     RMSD=  1.28 A  No. of residues =   3
   ------- -------                --------------- 
    A 158    SER       matches     A 252    SER  
    A 173    ARG       matches     A 245    ARG  
    A 211    ASP       matches     A 254    ASP  
  TRANSFORM   -0.3467  0.8551  0.3855 -0.9150 -0.2178 -0.3397 -0.2065 -0.4705  0.8579   -15.559   -17.695    39.311  
 
 Match found in 1gdo_c02     GLUCOSAMINE 6-PHOSPHATE SYNTHASE    
   Pattern 1gdo_c02               Query structure     RMSD=  1.28 A  No. of residues =   3
   ------- -------                --------------- 
    A   1    CYH       matches     A  93    CYH  
    A  98    ASN       matches     A  97    ASN  
    A  99    GLY       matches     A  98    GLY  
  TRANSFORM   -0.7260  0.6346  0.2650 -0.6020 -0.4000 -0.6911 -0.3326 -0.6613  0.6724    27.707    19.162    93.560  
 
 Match found in 1gdo_c03     GLUCOSAMINE 6-PHOSPHATE SYNTHASE    
   Pattern 1gdo_c03               Query structure     RMSD=  1.29 A  No. of residues =   3
   ------- -------                --------------- 
    C   1    CYH       matches     A 198    CYH  
    C  98    ASN       matches     A 166    ASN  
    C  99    GLY       matches     A 165    GLY  
  TRANSFORM   -0.7047  0.6376  0.3113 -0.6360 -0.3730 -0.6756 -0.3147 -0.6741  0.6683    62.770    58.446    93.550  
 
 Match found in 1gdo_c00     GLUCOSAMINE 6-PHOSPHATE SYNTHASE    
   Pattern 1gdo_c00               Query structure     RMSD=  1.29 A  No. of residues =   3
   ------- -------                --------------- 
    B   1    CYH       matches     A 198    CYH  
    B  98    ASN       matches     A 166    ASN  
    B  99    GLY       matches     A 165    GLY  
  TRANSFORM    0.3058 -0.8666 -0.3943  0.9309  0.1853  0.3147 -0.1997 -0.4633  0.8634    85.467    64.772    82.385  
 
 Match found in 1gdo_c00     GLUCOSAMINE 6-PHOSPHATE SYNTHASE    
   Pattern 1gdo_c00               Query structure     RMSD=  1.29 A  No. of residues =   3
   ------- -------                --------------- 
    B   1    CYH       matches     A  93    CYH  
    B  98    ASN       matches     A  97    ASN  
    B  99    GLY       matches     A  98    GLY  
  TRANSFORM   -0.3141  0.8654  0.3905 -0.9282 -0.1937 -0.3176 -0.1992 -0.4622  0.8641    19.974    24.711    39.336  
 
 Match found in 1gdo_c01     GLUCOSAMINE 6-PHOSPHATE SYNTHASE    
   Pattern 1gdo_c01               Query structure     RMSD=  1.29 A  No. of residues =   3
   ------- -------                --------------- 
    D   1    CYH       matches     A  93    CYH  
    D  98    ASN       matches     A  97    ASN  
    D  99    GLY       matches     A  98    GLY  
  TRANSFORM   -0.0067  0.5029  0.8643  0.8357 -0.4718  0.2810  0.5491  0.7242 -0.4171    34.024    60.444   129.624  
 
 Match found in 1b57_c01     FRUCTOSE-BISPHOSPHATE ALDOLASE II   
   Pattern 1b57_c01               Query structure     RMSD=  1.29 A  No. of residues =   3
   ------- -------                --------------- 
    B 109    ASP       matches     A 307    ASP  
    B 182    GLU       matches     A  21    GLU  
    B 286    ASN       matches     A 310    ASN  
  TRANSFORM    0.7272 -0.6292 -0.2744  0.6077  0.4043  0.6836 -0.3192 -0.6639  0.6763     7.486   -12.445    50.427  
 
 Match found in 1gdo_c02     GLUCOSAMINE 6-PHOSPHATE SYNTHASE    
   Pattern 1gdo_c02               Query structure     RMSD=  1.29 A  No. of residues =   3
   ------- -------                --------------- 
    A   1    CYH       matches     A 198    CYH  
    A  98    ASN       matches     A 166    ASN  
    A  99    GLY       matches     A 165    GLY  
  TRANSFORM    0.3542 -0.8493 -0.3914  0.9147  0.2278  0.3337 -0.1943 -0.4762  0.8576    50.911    24.370    82.709  
 
 Match found in 1gdo_c03     GLUCOSAMINE 6-PHOSPHATE SYNTHASE    
   Pattern 1gdo_c03               Query structure     RMSD=  1.30 A  No. of residues =   3
   ------- -------                --------------- 
    C   1    CYH       matches     A  93    CYH  
    C  98    ASN       matches     A  97    ASN  
    C  99    GLY       matches     A  98    GLY  
  TRANSFORM   -0.4267 -0.0143 -0.9043 -0.6782 -0.6564  0.3305 -0.5983  0.7543  0.2704    69.401    15.258    45.466  
 
 Match found in 1ecf_c01     GLUTAMINE PHOSPHORIBOSYLPYROPHOSPHAT
   Pattern 1ecf_c01               Query structure     RMSD=  1.30 A  No. of residues =   3
   ------- -------                --------------- 
    B   1    CYH       matches     A  11    CYH  
    B 101    ASN       matches     A  12    ASN  
    B 102    GLY       matches     A 302    GLY  
  TRANSFORM    0.3547 -0.7102 -0.6081 -0.9349 -0.2611 -0.2404  0.0119  0.6538 -0.7566   -18.668    44.866    -2.877  
 
 Match found in 1b02_c01     THYMIDYLATE SYNTHASE                
   Pattern 1b02_c01               Query structure     RMSD=  1.31 A  No. of residues =   3
   ------- -------                --------------- 
    A 161    CYH       matches     A  19    CYH  
    A 192    ASN       matches     A 262    ASN  
    A 195    GLN       matches     A 264    GLN  
  TRANSFORM   -0.7394 -0.0948 -0.6665 -0.2688  0.9493  0.1633  0.6172  0.2999 -0.7274     4.027    37.203    -8.543  
 
 Match found in 1r4f_c00     IAG-NUCLEOSIDE HYDROLASE            
   Pattern 1r4f_c00               Query structure     RMSD=  1.32 A  No. of residues =   3
   ------- -------                --------------- 
    A  10    ASP       matches     A 260    ASP  
    A 186    ASN       matches     A 262    ASN  
    A 260    ALA       matches     A  20    ALA  
  TRANSFORM    0.6646  0.7150  0.2171  0.5156 -0.6491  0.5592  0.5408 -0.2597 -0.8001    33.722   -10.005   -21.440  
 
 Match found in 1b5d_c01     DEOXYCYTIDYLATE HYDROXYMETHYLASE    
   Pattern 1b5d_c01               Query structure     RMSD=  1.32 A  No. of residues =   3
   ------- -------                --------------- 
    B 148    CYH       matches     A 337    CYH  
    B 179    ASP       matches     A 307    ASP  
    B 183    GLN       matches     A 311    GLN  
  TRANSFORM   -0.2637 -0.5017  0.8239 -0.9646  0.1369 -0.2254  0.0003 -0.8542 -0.5200    17.719    12.262    26.734  
 
 Match found in 1eyi_c00     FRUCTOSE-1,6-BISPHOSPHATASE         
   Pattern 1eyi_c00               Query structure     RMSD=  1.32 A  No. of residues =   3
   ------- -------                --------------- 
    A  68    ASP       matches     A 195    ASP  
    A  74    ASP       matches     A 167    ASP  
    A  98    GLU       matches     A 128    GLU  
  TRANSFORM   -0.7986  0.3529 -0.4875 -0.2969 -0.9356 -0.1908 -0.5235 -0.0076  0.8520    30.205  -112.488  -114.794  
 
 Match found in 1xny_c01     PROPIONYL-COA CARBOXYLASE COMPLEX B 
   Pattern 1xny_c01               Query structure     RMSD=  1.33 A  No. of residues =   3
   ------- -------                --------------- 
    A 420    ALA       matches     A  20    ALA  
    B 182    GLY       matches     A  16    GLY  
    B 183    GLY       matches     A  15    GLY  
  TRANSFORM    0.6413 -0.1228  0.7574 -0.5132  0.6652  0.5423 -0.5704 -0.7365  0.3636    30.999    66.192   110.811  
 
 Match found in 1b57_c00     FRUCTOSE-BISPHOSPHATE ALDOLASE II   
   Pattern 1b57_c00               Query structure     RMSD=  1.34 A  No. of residues =   3
   ------- -------                --------------- 
    A 109    ASP       matches     A 307    ASP  
    A 182    GLU       matches     A  21    GLU  
    A 286    ASN       matches     A 310    ASN  
  TRANSFORM    0.8400  0.2503 -0.4814 -0.5148  0.6480 -0.5614  0.1714  0.7193  0.6732     4.664    14.662    39.807  
 
 Match found in 1b5d_c00     DEOXYCYTIDYLATE HYDROXYMETHYLASE    
   Pattern 1b5d_c00               Query structure     RMSD=  1.34 A  No. of residues =   3
   ------- -------                --------------- 
    A 148    CYH       matches     A 337    CYH  
    A 179    ASP       matches     A 307    ASP  
    A 183    GLN       matches     A 311    GLN  
  TRANSFORM   -0.5014 -0.5169 -0.6938 -0.1580 -0.7337  0.6608 -0.8507  0.4410  0.2862    54.544    82.311     7.129  
 
 Match found in 1uf7_c00     N-CARBAMYL-D-AMINO ACID AMIDOHYDROLA
   Pattern 1uf7_c00               Query structure     RMSD=  1.35 A  No. of residues =   3
   ------- -------                --------------- 
    A  46    GLU       matches     A 279    GLU  
    A 126    LYS       matches     A 287    LYS  
    A 171    ALA       matches     A 212    ALA  
  TRANSFORM    0.6554 -0.6694  0.3497 -0.0574 -0.5058 -0.8607  0.7531  0.5441 -0.3700    19.476    -7.679    11.784  
 
 Match found in 1a4s_c02     BETAINE ALDEHYDE DEHYDROGENASE      
   Pattern 1a4s_c02               Query structure     RMSD=  1.36 A  No. of residues =   3
   ------- -------                --------------- 
    C 166    ASN       matches     A 166    ASN  
    C 263    GLU       matches     A 162    GLU  
    C 297    CYH       matches     A 198    CYH  
  TRANSFORM   -0.2453 -0.3658 -0.8978  0.0141 -0.9273  0.3740 -0.9693  0.0791  0.2326     1.198    26.875    84.172  
 
 Match found in 2c3x_p00     ALPHA-AMYLASE G-6                   
   Pattern 2c3x_p00               Query structure     RMSD=  1.36 A  No. of residues =   3
   ------- -------                --------------- 
    A  26    HIS       matches     A 285    HIS  
    A  76    ASN       matches     A 329    ASN  
    A  81    ASP       matches     A 330    ASP  
  TRANSFORM   -0.7696  0.3312 -0.5459 -0.4305 -0.9006  0.0605 -0.4716  0.2816  0.8356   -22.951    -6.877    -3.516  
 
 Match found in 1a4s_c00     BETAINE ALDEHYDE DEHYDROGENASE      
   Pattern 1a4s_c00               Query structure     RMSD=  1.36 A  No. of residues =   3
   ------- -------                --------------- 
    A 166    ASN       matches     A 166    ASN  
    A 263    GLU       matches     A 162    GLU  
    A 297    CYH       matches     A 198    CYH  
  TRANSFORM   -0.7884  0.4163  0.4529  0.5774  0.2464  0.7784  0.2125  0.8752 -0.4346    -5.754    15.775    18.157  
 
 Match found in 2tdt_c00     TETRAHYDRODIPICOLINATE N-SUCCINYLTRA
   Pattern 2tdt_c00               Query structure     RMSD=  1.37 A  No. of residues =   3
   ------- -------                --------------- 
      141    ASP       matches     A 156    ASP  
      166    GLY       matches     A   7    GLY  
      169    GLU       matches     A  31    GLU  
  TRANSFORM   -0.1720  0.0625 -0.9831  0.0083 -0.9979 -0.0649 -0.9851 -0.0193  0.1711    26.095    57.891   -51.442  
 
 Match found in 1mro_c01     METHYL-COENZYME M REDUCTASE         
   Pattern 1mro_c01               Query structure     RMSD=  1.37 A  No. of residues =   3
   ------- -------                --------------- 
    D 465    GLY       matches     A 160    GLY  
    D 501    ASP       matches     A  66    ASP  
    E 367    TYR       matches     A 132    TYR  
  TRANSFORM    0.6079 -0.3671  0.7040 -0.2404  0.7599  0.6039 -0.7567 -0.5364  0.3737    20.870    -1.518   -11.928  
 
 Match found in 1a4s_c03     BETAINE ALDEHYDE DEHYDROGENASE      
   Pattern 1a4s_c03               Query structure     RMSD=  1.38 A  No. of residues =   3
   ------- -------                --------------- 
    D 166    ASN       matches     A 166    ASN  
    D 263    GLU       matches     A 162    GLU  
    D 297    CYH       matches     A 198    CYH  
  TRANSFORM    0.6187 -0.1340 -0.7741 -0.1179  0.9584 -0.2601  0.7767  0.2521  0.5772    28.661    14.794   -15.539  
 
 Match found in 1mro_c00     METHYL-COENZYME M REDUCTASE         
   Pattern 1mro_c00               Query structure     RMSD=  1.38 A  No. of residues =   3
   ------- -------                --------------- 
    A 465    GLY       matches     A  99    GLY  
    A 501    ASP       matches     A 156    ASP  
    B 367    TYR       matches     A 132    TYR  
  TRANSFORM    0.7078  0.1204 -0.6961  0.1248 -0.9912 -0.0446 -0.6953 -0.0553 -0.7166    17.544    28.532     8.323  
 
 Match found in 1fr8_c00     BETA 1,4 GALACTOSYLTRANSFERASE      
   Pattern 1fr8_c00               Query structure     RMSD=  1.38 A  No. of residues =   3
   ------- -------                --------------- 
    A 317    GLU       matches     A  86    GLU  
    A 319    ASP       matches     A  43    ASP  
    A 359    ARG       matches     A  47    ARG  
  TRANSFORM    0.0477  0.4543 -0.8896 -0.7787  0.5747  0.2518  0.6256  0.6807  0.3812   -12.270   -16.448     9.243  
 
 Match found in 3gxq_d00     DNA BINDING PROTEIN/DNA             
   Pattern 3gxq_d00               Query structure     RMSD=  1.39 A  No. of residues =   3
   ------- -------                --------------- 
    A  18    SER       matches     A  82    SER  
    A  20    HIS       matches     A  81    HIS  
    A  22    LEU       matches     A  91    LEU  
  TRANSFORM   -0.1392  0.2298 -0.9632  0.1620  0.9649  0.2068  0.9769 -0.1272 -0.1716    73.966    57.483    44.471  
 
 Match found in 1bs4_c01     PEPTIDE DEFORMYLASE                 
   Pattern 1bs4_c01               Query structure     RMSD=  1.39 A  No. of residues =   3
   ------- -------                --------------- 
    B 550    GLN       matches     A 264    GLN  
    B 591    LEU       matches     A 305    LEU  
    B 633    GLU       matches     A  21    GLU  
  TRANSFORM   -0.4916  0.7070 -0.5084  0.7317  0.6519  0.1990  0.4722 -0.2742 -0.8378   -17.281    16.171     3.417  
 
 Match found in 1a4s_c01     BETAINE ALDEHYDE DEHYDROGENASE      
   Pattern 1a4s_c01               Query structure     RMSD=  1.39 A  No. of residues =   3
   ------- -------                --------------- 
    B 166    ASN       matches     A 166    ASN  
    B 263    GLU       matches     A 162    GLU  
    B 297    CYH       matches     A 198    CYH  
  TRANSFORM   -0.0014 -0.8757  0.4828  0.0940  0.4805  0.8719 -0.9956  0.0466  0.0817    67.507    55.119    53.337  
 
 Match found in 1bs4_c02     PEPTIDE DEFORMYLASE                 
   Pattern 1bs4_c02               Query structure     RMSD=  1.39 A  No. of residues =   3
   ------- -------                --------------- 
    C1050    GLN       matches     A 264    GLN  
    C1091    LEU       matches     A 305    LEU  
    C1133    GLU       matches     A  21    GLU  
  TRANSFORM    0.4001  0.2164  0.8906 -0.3439 -0.8652  0.3648  0.8495 -0.4522 -0.2717    19.381    89.169     0.116  
 
 Match found in 1uf7_c01     N-CARBAMYL-D-AMINO ACID AMIDOHYDROLA
   Pattern 1uf7_c01               Query structure     RMSD=  1.39 A  No. of residues =   3
   ------- -------                --------------- 
    B  46    GLU       matches     A 279    GLU  
    B 126    LYS       matches     A 287    LYS  
    B 171    ALA       matches     A 212    ALA  
  TRANSFORM   -0.8381 -0.4225 -0.3451  0.0891 -0.7302  0.6774 -0.5382  0.5369  0.6496    -5.944    -3.336    17.375  
 
 Match found in 2tdt_c00     TETRAHYDRODIPICOLINATE N-SUCCINYLTRA
   Pattern 2tdt_c00               Query structure     RMSD=  1.40 A  No. of residues =   3
   ------- -------                --------------- 
      141    ASP       matches     A  30    ASP  
      166    GLY       matches     A 327    GLY  
      169    GLU       matches     A 286    GLU  
  TRANSFORM   -0.5704 -0.7198 -0.3957 -0.1671 -0.3700  0.9139 -0.8042  0.5874  0.0907    -1.668    18.828    18.753  
 
 Match found in 2tdt_c00     TETRAHYDRODIPICOLINATE N-SUCCINYLTRA
   Pattern 2tdt_c00               Query structure     RMSD=  1.40 A  No. of residues =   3
   ------- -------                --------------- 
      141    ASP       matches     A 307    ASP  
      166    GLY       matches     A 210    GLY  
      169    GLU       matches     A 205    GLU  
  TRANSFORM   -0.0537 -0.9346 -0.3517 -0.0541 -0.3490  0.9356 -0.9971  0.0693 -0.0318    27.203    57.557    75.147  
 
 Match found in 1bs4_c00     PEPTIDE DEFORMYLASE                 
   Pattern 1bs4_c00               Query structure     RMSD=  1.41 A  No. of residues =   3
   ------- -------                --------------- 
    A  50    GLN       matches     A 264    GLN  
    A  91    LEU       matches     A 305    LEU  
    A 133    GLU       matches     A  21    GLU  
  TRANSFORM    0.9338  0.3476 -0.0844 -0.3132  0.9085  0.2767  0.1728 -0.2319  0.9572    41.413    83.602    19.853  
 
 Match found in 1aql_c03     BILE-SALT ACTIVATED LIPASE          
   Pattern 1aql_c03               Query structure     RMSD=  1.41 A  No. of residues =   3
   ------- -------                --------------- 
    B 194    SER       matches     A   9    SER  
    B 292    ASP       matches     A  66    ASP  
    B 322    HIS       matches     A 285    HIS  
  TRANSFORM   -0.8020  0.4115  0.4330  0.0793  0.7918 -0.6057 -0.5921 -0.4514 -0.6676     7.626    67.580     6.727  
 
 Match found in 1d7r_c02     2,2-DIALKYLGLYCINE DECARBOXYLASE (PY
   Pattern 1d7r_c02               Query structure     RMSD=  1.41 A  No. of residues =   3
   ------- -------                --------------- 
    A 173    TYR       matches     A  13    TYR  
    A 243    ASP       matches     A 190    ASP  
    A 272    LYS       matches     A   2    LYS  
  TRANSFORM    0.2699 -0.6298  0.7284  0.1054  0.7712  0.6278 -0.9571 -0.0927  0.2745    -2.962   -25.624    80.924  
 
 Match found in 1ti6_c10     PYROGALLOL HYDROXYTRANSFERASE SMALL 
   Pattern 1ti6_c10               Query structure     RMSD=  1.41 A  No. of residues =   3
   ------- -------                --------------- 
    I 144    HIS       matches     A  81    HIS  
    I 174    ASP       matches     A  43    ASP  
    I 404    TYR       matches     A 146    TYR  
  TRANSFORM   -0.1612  0.8148 -0.5569  0.1468  0.5778  0.8029  0.9759  0.0477 -0.2128     8.768    23.723   -14.403  
 
 Match found in 1mro_c00     METHYL-COENZYME M REDUCTASE         
   Pattern 1mro_c00               Query structure     RMSD=  1.41 A  No. of residues =   3
   ------- -------                --------------- 
    A 465    GLY       matches     A 160    GLY  
    A 501    ASP       matches     A  66    ASP  
    B 367    TYR       matches     A 132    TYR  
  TRANSFORM    0.8970  0.3877  0.2124  0.2048 -0.7902  0.5776  0.3918 -0.4746 -0.7882    27.154    -7.989   -22.770  
 
 Match found in 1b5d_c01     DEOXYCYTIDYLATE HYDROXYMETHYLASE    
   Pattern 1b5d_c01               Query structure     RMSD=  1.41 A  No. of residues =   3
   ------- -------                --------------- 
    B 148    CYH       matches     A 314    CYH  
    B 179    ASP       matches     A 307    ASP  
    B 183    GLN       matches     A 311    GLN  
  TRANSFORM    0.4106  0.6508  0.6386  0.4299 -0.7558  0.4938  0.8041  0.0718 -0.5902    35.201    10.045    84.770  
 
 Match found in 1gdo_c03     GLUCOSAMINE 6-PHOSPHATE SYNTHASE    
   Pattern 1gdo_c03               Query structure     RMSD=  1.42 A  No. of residues =   3
   ------- -------                --------------- 
    C   1    CYH       matches     A  11    CYH  
    C  98    ASN       matches     A  12    ASN  
    C  99    GLY       matches     A 302    GLY  
  TRANSFORM   -0.4107 -0.6594 -0.6296 -0.4404  0.7482 -0.4963  0.7983  0.0735 -0.5977     0.019    -3.349    41.686  
 
 Match found in 1gdo_c02     GLUCOSAMINE 6-PHOSPHATE SYNTHASE    
   Pattern 1gdo_c02               Query structure     RMSD=  1.42 A  No. of residues =   3
   ------- -------                --------------- 
    A   1    CYH       matches     A  11    CYH  
    A  98    ASN       matches     A  12    ASN  
    A  99    GLY       matches     A 302    GLY  
  TRANSFORM    0.2395 -0.3961  0.8864 -0.0280 -0.9154 -0.4015  0.9705  0.0714 -0.2303    -9.022    99.569    -2.350  
 
 Match found in 1ti6_c07     PYROGALLOL HYDROXYTRANSFERASE SMALL 
   Pattern 1ti6_c07               Query structure     RMSD=  1.42 A  No. of residues =   3
   ------- -------                --------------- 
    C 144    HIS       matches     A  81    HIS  
    C 174    ASP       matches     A  43    ASP  
    C 404    TYR       matches     A 146    TYR  
  TRANSFORM    0.3777  0.6542 -0.6553  0.3004 -0.7560 -0.5816 -0.8758  0.0229 -0.4821    -9.818   -94.815    64.923  
 
 Match found in 1ti6_c08     PYROGALLOL HYDROXYTRANSFERASE SMALL 
   Pattern 1ti6_c08               Query structure     RMSD=  1.42 A  No. of residues =   3
   ------- -------                --------------- 
    E 144    HIS       matches     A  81    HIS  
    E 174    ASP       matches     A  43    ASP  
    E 404    TYR       matches     A 146    TYR  
  TRANSFORM   -0.6102  0.7557  0.2379 -0.7909 -0.5633 -0.2392 -0.0467 -0.3341  0.9414    50.596    10.413     2.366  
 
 Match found in 2dbt_c00     CHITINASE C                         
   Pattern 2dbt_c00               Query structure     RMSD=  1.43 A  No. of residues =   3
   ------- -------                --------------- 
    A 147    GLU       matches     A  94    GLU  
    A 156    GLU       matches     A 105    GLU  
    A 194    ASN       matches     A 152    ASN  
  TRANSFORM   -0.5174  0.1417 -0.8439  0.6502  0.7062 -0.2801  0.5563 -0.6937 -0.4575    11.529   -77.440   -24.093  
 
 Match found in 1ti6_c06     PYROGALLOL HYDROXYTRANSFERASE SMALL 
   Pattern 1ti6_c06               Query structure     RMSD=  1.43 A  No. of residues =   3
   ------- -------                --------------- 
    A 144    HIS       matches     A  81    HIS  
    A 174    ASP       matches     A  43    ASP  
    A 404    TYR       matches     A 146    TYR  
  TRANSFORM   -0.6049  0.7725  0.1933  0.4052  0.5076 -0.7604 -0.6856 -0.3816 -0.6200    83.901    26.190    -4.601  
 
 Match found in 1ti6_c11     PYROGALLOL HYDROXYTRANSFERASE SMALL 
   Pattern 1ti6_c11               Query structure     RMSD=  1.43 A  No. of residues =   3
   ------- -------                --------------- 
    K 144    HIS       matches     A  81    HIS  
    K 174    ASP       matches     A  43    ASP  
    K 404    TYR       matches     A 146    TYR  
  TRANSFORM    0.8706 -0.1252 -0.4758 -0.2036  0.7886 -0.5802  0.4478  0.6020  0.6611    -0.552    12.628    35.520  
 
 Match found in 1b5d_c00     DEOXYCYTIDYLATE HYDROXYMETHYLASE    
   Pattern 1b5d_c00               Query structure     RMSD=  1.43 A  No. of residues =   3
   ------- -------                --------------- 
    A 148    CYH       matches     A 314    CYH  
    A 179    ASP       matches     A 307    ASP  
    A 183    GLN       matches     A 311    GLN  
  TRANSFORM    0.9298 -0.1172  0.3490  0.3287  0.6911 -0.6436 -0.1658  0.7131  0.6811   -36.555     0.268   -12.497  
 
 Match found in 1qrz_c21     PLASMINOGEN                         
   Pattern 1qrz_c21               Query structure     RMSD=  1.44 A  No. of residues =   3
   ------- -------                --------------- 
    B 603    HIS       matches     A  81    HIS  
    B 646    ASP       matches     A  51    ASP  
    B 739    GLY       matches     A 160    GLY  
  TRANSFORM    0.4600 -0.6922 -0.5561 -0.3496 -0.7169  0.6032 -0.8162 -0.0831 -0.5718    13.229    -6.569    -0.140  
 
 Match found in 1qrz_c22     PLASMINOGEN                         
   Pattern 1qrz_c22               Query structure     RMSD=  1.44 A  No. of residues =   3
   ------- -------                --------------- 
    C 603    HIS       matches     A  81    HIS  
    C 646    ASP       matches     A  51    ASP  
    C 739    GLY       matches     A 160    GLY  
  TRANSFORM    0.5136 -0.8188 -0.2567 -0.4276 -0.5036  0.7507 -0.7439 -0.2758 -0.6088    45.452    48.040   -49.192  
 
 Match found in 1mro_c01     METHYL-COENZYME M REDUCTASE         
   Pattern 1mro_c01               Query structure     RMSD=  1.44 A  No. of residues =   3
   ------- -------                --------------- 
    D 465    GLY       matches     A  99    GLY  
    D 501    ASP       matches     A 156    ASP  
    E 367    TYR       matches     A 132    TYR  
  TRANSFORM   -0.8922 -0.4116  0.1857 -0.4048  0.5466 -0.7330  0.2002 -0.7292 -0.6543    -6.075    57.895    10.752  
 
 Match found in 1d7r_c02     2,2-DIALKYLGLYCINE DECARBOXYLASE (PY
   Pattern 1d7r_c02               Query structure     RMSD=  1.44 A  No. of residues =   3
   ------- -------                --------------- 
    A 173    TYR       matches     A  64    TYR  
    A 243    ASP       matches     A 156    ASP  
    A 272    LYS       matches     A   2    LYS  
  TRANSFORM   -0.4150 -0.6771 -0.6077 -0.4465  0.7335 -0.5125  0.7928  0.0587 -0.6067    35.104    39.738    41.573  
 
 Match found in 1gdo_c01     GLUCOSAMINE 6-PHOSPHATE SYNTHASE    
   Pattern 1gdo_c01               Query structure     RMSD=  1.44 A  No. of residues =   3
   ------- -------                --------------- 
    D   1    CYH       matches     A  11    CYH  
    D  98    ASN       matches     A  12    ASN  
    D  99    GLY       matches     A 302    GLY  
  TRANSFORM    0.6095 -0.7826 -0.1266  0.6532  0.5862 -0.4793  0.4493  0.2095  0.8685   -44.061   -11.309   144.510  
 
 Match found in 1pjh_c01     ENOYL-COA ISOMERASE; ECI1P          
   Pattern 1pjh_c01               Query structure     RMSD=  1.44 A  No. of residues =   3
   ------- -------                --------------- 
    B  70    ALA       matches     A 201    ALA  
    B 126    LEU       matches     A 206    LEU  
    B 158    GLU       matches     A 205    GLU  
  TRANSFORM   -0.6761 -0.1860  0.7129  0.6280 -0.6516  0.4255  0.3854  0.7354  0.5574    53.851   -86.594    41.648  
 
 Match found in 1ti6_c09     PYROGALLOL HYDROXYTRANSFERASE SMALL 
   Pattern 1ti6_c09               Query structure     RMSD=  1.44 A  No. of residues =   3
   ------- -------                --------------- 
    G 144    HIS       matches     A  81    HIS  
    G 174    ASP       matches     A  43    ASP  
    G 404    TYR       matches     A 146    TYR  
  TRANSFORM    0.4036  0.6881  0.6030  0.4505 -0.7231  0.5237  0.7964  0.0603 -0.6018    70.502    49.687    84.657  
 
 Match found in 1gdo_c00     GLUCOSAMINE 6-PHOSPHATE SYNTHASE    
   Pattern 1gdo_c00               Query structure     RMSD=  1.44 A  No. of residues =   3
   ------- -------                --------------- 
    B   1    CYH       matches     A  11    CYH  
    B  98    ASN       matches     A  12    ASN  
    B  99    GLY       matches     A 302    GLY  
  TRANSFORM   -0.8382 -0.1029  0.5356  0.2097 -0.9673  0.1424  0.5034  0.2317  0.8324    23.490    -7.278   142.203  
 
 Match found in 1pjh_c02     ENOYL-COA ISOMERASE; ECI1P          
   Pattern 1pjh_c02               Query structure     RMSD=  1.45 A  No. of residues =   3
   ------- -------                --------------- 
    C  70    ALA       matches     A 201    ALA  
    C 126    LEU       matches     A 206    LEU  
    C 158    GLU       matches     A 205    GLU  
  TRANSFORM    0.2810  0.9068 -0.3143 -0.8152  0.3984  0.4205  0.5065  0.1380  0.8511   -14.051    49.091   141.475  
 
 Match found in 1pjh_c00     ENOYL-COA ISOMERASE; ECI1P          
   Pattern 1pjh_c00               Query structure     RMSD=  1.45 A  No. of residues =   3
   ------- -------                --------------- 
    A  70    ALA       matches     A 201    ALA  
    A 126    LEU       matches     A 206    LEU  
    A 158    GLU       matches     A 205    GLU  
  TRANSFORM   -0.7904  0.2221 -0.5708 -0.5900 -0.5267  0.6120 -0.1648  0.8205  0.5474    17.124    22.698    70.845  
 
 Match found in 1m53_c05     ISOMALTULOSE SYNTHASE               
   Pattern 1m53_c05               Query structure     RMSD=  1.46 A  No. of residues =   3
   ------- -------                --------------- 
    A 241    ASP       matches     A 186    ASP  
    A 265    GLU       matches     A 162    GLU  
    A 369    ASP       matches     A 181    ASP  
  TRANSFORM   -0.1002 -0.5596  0.8227 -0.6374 -0.5988 -0.4850  0.7640 -0.5730 -0.2967   -21.511    38.198    93.226  
 
 Match found in 2z3x_d00     DNA BINDING PROTEIN/DNA             
   Pattern 2z3x_d00               Query structure     RMSD=  1.46 A  No. of residues =   3
   ------- -------                --------------- 
    B  34    SER       matches     A 102    SER  
    B  37    ASN       matches     A 101    ASN  
    B  45    THR       matches     A  83    THR  
  TRANSFORM   -0.0747 -0.4340 -0.8978 -0.9280  0.3598 -0.0968  0.3651  0.8259 -0.4296    -7.881    10.802    17.514  
 
 Match found in 2tdt_c00     TETRAHYDRODIPICOLINATE N-SUCCINYLTRA
   Pattern 2tdt_c00               Query structure     RMSD=  1.46 A  No. of residues =   3
   ------- -------                --------------- 
      141    ASP       matches     A  30    ASP  
      166    GLY       matches     A   5    GLY  
      169    GLU       matches     A 238    GLU  
  TRANSFORM   -0.0471 -0.8665 -0.4970  0.2605 -0.4910  0.8313 -0.9643 -0.0903  0.2488   -39.920     6.027    -3.177  
 
 Match found in 1jxa_c02     GLUCOSAMINE 6-PHOSPHATE SYNTHASE    
   Pattern 1jxa_c02               Query structure     RMSD=  1.46 A  No. of residues =   3
   ------- -------                --------------- 
    A   1    CYH       matches     A  11    CYH  
    A  98    ASN       matches     A  12    ASN  
    A  99    GLY       matches     A 302    GLY  
  TRANSFORM    0.1997 -0.6771  0.7082 -0.5307 -0.6824 -0.5028  0.8237 -0.2754 -0.4956    -2.621    10.740    13.544  
 
 Match found in 2tdt_c00     TETRAHYDRODIPICOLINATE N-SUCCINYLTRA
   Pattern 2tdt_c00               Query structure     RMSD=  1.47 A  No. of residues =   3
   ------- -------                --------------- 
      141    ASP       matches     A 186    ASP  
      166    GLY       matches     A  80    GLY  
      169    GLU       matches     A  86    GLU  
  TRANSFORM    0.7855 -0.4345  0.4406 -0.6026 -0.6990  0.3849  0.1407 -0.5679 -0.8110    12.218    95.481    -0.879  
 
 Match found in 2amg_c06     1,4-ALPHA-D-GLUCAN MALTOTETRAHYDROLA
   Pattern 2amg_c06               Query structure     RMSD=  1.47 A  No. of residues =   3
   ------- -------                --------------- 
      193    ASP       matches     A 326    ASP  
      231    ASP       matches     A 195    ASP  
      294    ASP       matches     A 330    ASP  
  TRANSFORM   -0.1950 -0.9442 -0.2655  0.2664  0.2096 -0.9408  0.9439 -0.2542  0.2106     9.629    67.017    27.835  
 
 Match found in 1amy_c01     ALPHA-1,4 GLYCAN-4-GLUCANOHYDROLASE 
