******************************************************* user.XUMS **************************************************************
  TRANSFORM    0.5751  0.4061 -0.7101  0.5817  0.4073  0.7041  0.5751 -0.8181 -0.0020    18.969    39.174   -21.240  
 
 Match found in 1tde_c00     THIOREDOXIN REDUCTASE (E.C.1.6.4.5) 
   Pattern 1tde_c00               Query structure     RMSD=  0.81 A  No. of residues =   3
   ------- -------                --------------- 
      135    CYH       matches     A 324    CYH  
      138    CYH       matches     A 349    CYH  
      139    ASP       matches     A 348    ASP  
  TRANSFORM    0.9155  0.4005 -0.0392 -0.0572  0.2260  0.9724  0.3983 -0.8880  0.2298    -1.291    23.267    -5.511  
 
 Match found in 2tdt_c00     TETRAHYDRODIPICOLINATE N-SUCCINYLTRA
   Pattern 2tdt_c00               Query structure     RMSD=  0.97 A  No. of residues =   3
   ------- -------                --------------- 
      141    ASP       matches     A 317    ASP  
      166    GLY       matches     A 296    GLY  
      169    GLU       matches     A 342    GLU  
  TRANSFORM    0.5747 -0.1342 -0.8073 -0.4882  0.7355 -0.4698  0.6568  0.6641  0.3572    58.102    37.494     7.554  
 
 Match found in 1uok_c04     OLIGO-1,6-GLUCOSIDASE               
   Pattern 1uok_c04               Query structure     RMSD=  0.97 A  No. of residues =   3
   ------- -------                --------------- 
      199    ASP       matches     A 128    ASP  
      218    GLU       matches     A 211    GLU  
      329    ASP       matches     A  53    ASP  
  TRANSFORM    0.7533 -0.4601 -0.4700 -0.5758 -0.8067 -0.1330 -0.3179  0.3708 -0.8726     7.671    -5.019    -6.441  
 
 Match found in 1b5d_c01     DEOXYCYTIDYLATE HYDROXYMETHYLASE    
   Pattern 1b5d_c01               Query structure     RMSD=  0.99 A  No. of residues =   3
   ------- -------                --------------- 
    B 148    CYH       matches     A 324    CYH  
    B 179    ASP       matches     A 317    ASP  
    B 183    GLN       matches     A 329    GLN  
  TRANSFORM   -0.4946  0.8652 -0.0821 -0.0167  0.0849  0.9962  0.8690  0.4941 -0.0275    43.776    79.090    37.868  
 
 Match found in 1cdg_c00     CYCLODEXTRIN GLYCOSYLTRANSFERASE (E.
   Pattern 1cdg_c00               Query structure     RMSD=  1.00 A  No. of residues =   3
   ------- -------                --------------- 
      229    ASP       matches     A  53    ASP  
      264    GLU       matches     A 108    GLU  
      328    ASP       matches     A 128    ASP  
  TRANSFORM    0.2270 -0.0053 -0.9739  0.5752  0.8077  0.1297  0.7859 -0.5896  0.1864    -0.179     9.695    10.092  
 
 Match found in 1b5d_c00     DEOXYCYTIDYLATE HYDROXYMETHYLASE    
   Pattern 1b5d_c00               Query structure     RMSD=  1.01 A  No. of residues =   3
   ------- -------                --------------- 
    A 148    CYH       matches     A 324    CYH  
    A 179    ASP       matches     A 317    ASP  
    A 183    GLN       matches     A 329    GLN  
  TRANSFORM   -0.8923 -0.4508 -0.0220  0.4278 -0.8602  0.2776 -0.1441  0.2383  0.9604    16.228   -74.779  -116.366  
 
 Match found in 1xny_c00     PROPIONYL-COA CARBOXYLASE COMPLEX B 
   Pattern 1xny_c00               Query structure     RMSD=  1.03 A  No. of residues =   3
   ------- -------                --------------- 
    A 183    GLY       matches     A 339    GLY  
    B 419    GLY       matches     A 296    GLY  
    B 420    ALA       matches     A 299    ALA  
  TRANSFORM   -0.2262  0.8744 -0.4293 -0.8480  0.0401  0.5285  0.4793  0.4835  0.7324    78.071    45.295   -26.160  
 
 Match found in 1vom_c00     MYOSIN                              
   Pattern 1vom_c00               Query structure     RMSD=  1.04 A  No. of residues =   3
   ------- -------                --------------- 
      233    ASN       matches     A 207    ASN  
      457    GLY       matches     A 216    GLY  
      459    GLU       matches     A 358    GLU  
  TRANSFORM   -0.2517 -0.3494 -0.9026 -0.9669  0.0501  0.2503 -0.0422  0.9357 -0.3504   -35.312    51.635    83.242  
 
 Match found in 2z3x_d00     DNA BINDING PROTEIN/DNA             
   Pattern 2z3x_d00               Query structure     RMSD=  1.06 A  No. of residues =   3
   ------- -------                --------------- 
    B  34    SER       matches     A 289    SER  
    B  37    ASN       matches     A 288    ASN  
    B  45    THR       matches     A 270    THR  
  TRANSFORM    0.9491  0.2244 -0.2213  0.1670 -0.9536 -0.2507 -0.2672  0.2010 -0.9424     4.056    82.060    -7.945  
 
 Match found in 2qv4_p00     PANCREATIC ALPHA-AMYLASE            
   Pattern 2qv4_p00               Query structure     RMSD=  1.07 A  No. of residues =   3
   ------- -------                --------------- 
    A 459    ASN       matches     A 328    ASN  
    A 460    GLY       matches     A 320    GLY  
    A 461    ASN       matches     A 327    ASN  
  TRANSFORM   -0.9277  0.0032 -0.3734  0.3116  0.5579 -0.7692  0.2058 -0.8299 -0.5186    34.203   -62.453  -146.712  
 
 Match found in 1xny_c00     PROPIONYL-COA CARBOXYLASE COMPLEX B 
   Pattern 1xny_c00               Query structure     RMSD=  1.07 A  No. of residues =   3
   ------- -------                --------------- 
    A 183    GLY       matches     A 216    GLY  
    B 419    GLY       matches     A 215    GLY  
    B 420    ALA       matches     A 357    ALA  
  TRANSFORM   -0.9128  0.4048 -0.0543 -0.1593 -0.4752 -0.8653 -0.3761 -0.7812  0.4983    12.759    43.013    85.387  
 
 Match found in 1m53_c05     ISOMALTULOSE SYNTHASE               
   Pattern 1m53_c05               Query structure     RMSD=  1.08 A  No. of residues =   3
   ------- -------                --------------- 
    A 241    ASP       matches     A  53    ASP  
    A 265    GLU       matches     A  62    GLU  
    A 369    ASP       matches     A 128    ASP  
  TRANSFORM   -0.2142  0.2027  0.9555  0.3158 -0.9113  0.2641  0.9243  0.3583  0.1312    47.867    37.559     9.480  
 
 Match found in 1uok_c05     OLIGO-1,6-GLUCOSIDASE               
   Pattern 1uok_c05               Query structure     RMSD=  1.09 A  No. of residues =   3
   ------- -------                --------------- 
      199    ASP       matches     A  53    ASP  
      242    GLU       matches     A  46    GLU  
      329    ASP       matches     A 128    ASP  
  TRANSFORM    0.0745 -0.9602  0.2694 -0.5472  0.1864  0.8160 -0.8337 -0.2082 -0.5115    51.686   -20.744    -8.925  
 
 Match found in 1d6o_c00     FK506-BINDING PROTEIN               
   Pattern 1d6o_c00               Query structure     RMSD=  1.10 A  No. of residues =   3
   ------- -------                --------------- 
    A  37    ASP       matches     A 188    ASP  
    A  56    ILE       matches     A 242    ILE  
    A  82    TYR       matches     A 199    TYR  
  TRANSFORM    0.6444 -0.5676  0.5124 -0.6377 -0.7687 -0.0495  0.4220 -0.2948 -0.8573   -35.415   -76.442   -25.775  
 
 Match found in 1fdy_c03     N-ACETYLNEURAMINATE LYASE           
   Pattern 1fdy_c03               Query structure     RMSD=  1.11 A  No. of residues =   3
   ------- -------                --------------- 
    D 137    TYR       matches     A 280    TYR  
    D 142    LEU       matches     A 264    LEU  
    D 165    LYS       matches     A 279    LYS  
  TRANSFORM    0.0785 -0.9613  0.2640 -0.5217  0.1861  0.8326 -0.8495 -0.2031 -0.4869    54.679   -37.037   -37.086  
 
 Match found in 1d6o_c01     FK506-BINDING PROTEIN               
   Pattern 1d6o_c01               Query structure     RMSD=  1.11 A  No. of residues =   3
   ------- -------                --------------- 
    B  37    ASP       matches     A 188    ASP  
    B  56    ILE       matches     A 242    ILE  
    B  82    TYR       matches     A 199    TYR  
  TRANSFORM    0.7411  0.6530 -0.1563 -0.6001  0.7486  0.2821  0.3012 -0.1153  0.9466    40.706    89.377    25.343  
 
 Match found in 2dbt_c01     CHITINASE C                         
   Pattern 2dbt_c01               Query structure     RMSD=  1.13 A  No. of residues =   3
   ------- -------                --------------- 
    B 147    GLU       matches     A 351    GLU  
    B 156    GLU       matches     A 276    GLU  
    B 194    ASN       matches     A 327    ASN  
  TRANSFORM    0.6595 -0.3648 -0.6573  0.5230  0.8507  0.0526  0.5400 -0.3784  0.7518   -21.042   -82.035   -45.149  
 
 Match found in 1fdy_c01     N-ACETYLNEURAMINATE LYASE           
   Pattern 1fdy_c01               Query structure     RMSD=  1.15 A  No. of residues =   3
   ------- -------                --------------- 
    B 137    TYR       matches     A 280    TYR  
    B 142    LEU       matches     A 264    LEU  
    B 165    LYS       matches     A 279    LYS  
  TRANSFORM   -0.8367  0.1423  0.5289  0.5207  0.5062  0.6874 -0.1699  0.8506 -0.4977   -14.400   -90.668   -16.952  
 
 Match found in 1fdy_c00     N-ACETYLNEURAMINATE LYASE           
   Pattern 1fdy_c00               Query structure     RMSD=  1.15 A  No. of residues =   3
   ------- -------                --------------- 
    A 137    TYR       matches     A 280    TYR  
    A 142    LEU       matches     A 264    LEU  
    A 165    LYS       matches     A 279    LYS  
  TRANSFORM    0.7574 -0.5307 -0.3804 -0.6153 -0.7751 -0.1438 -0.2185  0.3429 -0.9136     8.520    -4.337    -8.507  
 
 Match found in 1b5d_c05     DEOXYCYTIDYLATE HYDROXYMETHYLASE    
   Pattern 1b5d_c05               Query structure     RMSD=  1.17 A  No. of residues =   3
   ------- -------                --------------- 
    B  60    GLU       matches     A 276    GLU  
    B 148    CYH       matches     A 324    CYH  
    B 179    ASP       matches     A 317    ASP  
  TRANSFORM   -0.4404  0.7857 -0.4346 -0.4160 -0.6075 -0.6767 -0.7957 -0.1172  0.5943    -5.337   -71.164   -26.518  
 
 Match found in 1fdy_c02     N-ACETYLNEURAMINATE LYASE           
   Pattern 1fdy_c02               Query structure     RMSD=  1.17 A  No. of residues =   3
   ------- -------                --------------- 
    C 137    TYR       matches     A 280    TYR  
    C 142    LEU       matches     A 264    LEU  
    C 165    LYS       matches     A 279    LYS  
  TRANSFORM    0.9835  0.0772 -0.1633 -0.1709  0.1046 -0.9797 -0.0585  0.9915  0.1161     6.026    17.845    38.299  
 
 Match found in 1vzz_c01     STEROID DELTA-ISOMERASE             
   Pattern 1vzz_c01               Query structure     RMSD=  1.17 A  No. of residues =   3
   ------- -------                --------------- 
    B  16    TYR       matches     A 312    TYR  
    B  40    ASP       matches     A 204    ASP  
    B 103    LEU       matches     A 252    LEU  
  TRANSFORM    0.3025 -0.0761 -0.9501  0.6170  0.7754  0.1344  0.7265 -0.6269  0.2815    -1.267     8.872    12.064  
 
 Match found in 1b5d_c04     DEOXYCYTIDYLATE HYDROXYMETHYLASE    
   Pattern 1b5d_c04               Query structure     RMSD=  1.18 A  No. of residues =   3
   ------- -------                --------------- 
    A  60    GLU       matches     A 276    GLU  
    A 148    CYH       matches     A 324    CYH  
    A 179    ASP       matches     A 317    ASP  
  TRANSFORM    0.9184  0.3122  0.2431  0.1326 -0.8217  0.5543  0.3728 -0.4768 -0.7960     5.357    34.571    89.854  
 
 Match found in 1m53_c05     ISOMALTULOSE SYNTHASE               
   Pattern 1m53_c05               Query structure     RMSD=  1.18 A  No. of residues =   3
   ------- -------                --------------- 
    A 241    ASP       matches     A 128    ASP  
    A 265    GLU       matches     A  62    GLU  
    A 369    ASP       matches     A  53    ASP  
  TRANSFORM    0.9721 -0.1106 -0.2068  0.1961 -0.1002  0.9754 -0.1286 -0.9888 -0.0757     3.757    18.271    11.253  
 
 Match found in 1vzz_c00     STEROID DELTA-ISOMERASE             
   Pattern 1vzz_c00               Query structure     RMSD=  1.19 A  No. of residues =   3
   ------- -------                --------------- 
    A  16    TYR       matches     A 312    TYR  
    A  40    ASP       matches     A 204    ASP  
    A 103    LEU       matches     A 252    LEU  
  TRANSFORM    0.4876  0.8097 -0.3267 -0.0144 -0.3667 -0.9302 -0.8730  0.4583 -0.1672    43.031    79.252    30.493  
 
 Match found in 1bmt_c04     METHIONINE SYNTHASE (B12-BINDING DOM
   Pattern 1bmt_c04               Query structure     RMSD=  1.19 A  No. of residues =   3
   ------- -------                --------------- 
    A 757    ASP       matches     A 185    ASP  
    A 759    HIS       matches     A 140    HIS  
    A 810    SER       matches     A 183    SER  
  TRANSFORM   -0.5950 -0.5947  0.5407 -0.4066 -0.3576 -0.8407  0.6933 -0.7201 -0.0290    13.114    71.767   109.873  
 
 Match found in 2v3r_p00     EXOGLUCANASE 1                      
   Pattern 2v3r_p00               Query structure     RMSD=  1.19 A  No. of residues =   3
   ------- -------                --------------- 
    A 270    ASN       matches     A 130    ASN  
    A 384    ASN       matches     A  60    ASN  
    A 385    GLU       matches     A  59    GLU  
  TRANSFORM    0.9889 -0.0344 -0.1443  0.0483  0.9944  0.0942  0.1402 -0.1002  0.9850    27.277    53.721    57.647  
 
 Match found in 1bvz_c08     ALPHA-AMYLASE II                    
   Pattern 1bvz_c08               Query structure     RMSD=  1.19 A  No. of residues =   3
   ------- -------                --------------- 
    A 325    ASP       matches     A 204    ASP  
    A 354    GLU       matches     A 250    GLU  
    A 421    ASP       matches     A  53    ASP  
  TRANSFORM    0.6525  0.3740  0.6591 -0.7543  0.4046  0.5171 -0.0733 -0.8345  0.5461    16.148    25.553   -25.586  
 
 Match found in 1mro_c00     METHYL-COENZYME M REDUCTASE         
   Pattern 1mro_c00               Query structure     RMSD=  1.21 A  No. of residues =   3
   ------- -------                --------------- 
    A 465    GLY       matches     A 307    GLY  
    A 501    ASP       matches     A 317    ASP  
    B 367    TYR       matches     A 131    TYR  
  TRANSFORM    0.5704 -0.6198  0.5389 -0.4237  0.3400  0.8395 -0.7036 -0.7073 -0.0686   -13.827    45.540     1.388  
 
 Match found in 1bmt_c05     METHIONINE SYNTHASE (B12-BINDING DOM
   Pattern 1bmt_c05               Query structure     RMSD=  1.21 A  No. of residues =   3
   ------- -------                --------------- 
    B 757    ASP       matches     A 185    ASP  
    B 759    HIS       matches     A 140    HIS  
    B 810    SER       matches     A 183    SER  
  TRANSFORM   -0.1959 -0.5728 -0.7960 -0.9715  0.0029  0.2370 -0.1334  0.8197 -0.5570   -18.816     7.732     4.136  
 
 Match found in 2tdt_c00     TETRAHYDRODIPICOLINATE N-SUCCINYLTRA
   Pattern 2tdt_c00               Query structure     RMSD=  1.21 A  No. of residues =   3
   ------- -------                --------------- 
      141    ASP       matches     A 344    ASP  
      166    GLY       matches     A 307    GLY  
      169    GLU       matches     A 250    GLU  
  TRANSFORM   -0.8856 -0.1740 -0.4307  0.1226  0.8067 -0.5781  0.4480 -0.5648 -0.6930    11.764    51.398    16.104  
 
 Match found in 1pnl_c00     PENICILLIN AMIDOHYDROLASE           
   Pattern 1pnl_c00               Query structure     RMSD=  1.21 A  No. of residues =   3
   ------- -------                --------------- 
    B   1    SER       matches     A 291    SER  
    B  69    ALA       matches     A 357    ALA  
    B 241    ASN       matches     A 288    ASN  
  TRANSFORM   -0.6185 -0.6207  0.4819 -0.0478 -0.5824 -0.8115  0.7843 -0.5250  0.3305    14.483    74.187    99.578  
 
 Match found in 2v3r_p00     EXOGLUCANASE 1                      
   Pattern 2v3r_p00               Query structure     RMSD=  1.22 A  No. of residues =   3
   ------- -------                --------------- 
    A 270    ASN       matches     A 132    ASN  
    A 384    ASN       matches     A  60    ASN  
    A 385    GLU       matches     A  59    GLU  
  TRANSFORM    0.7760  0.6271  0.0674 -0.0701 -0.0205  0.9973  0.6268 -0.7787  0.0280   -21.791    51.920   -14.695  
 
 Match found in 1hkd_p00     PEA LECTIN ALPHA CHAIN              
   Pattern 1hkd_p00               Query structure     RMSD=  1.23 A  No. of residues =   3
   ------- -------                --------------- 
    A  81    ASP       matches     A 314    ASP  
    A  99    GLY       matches     A  24    GLY  
    A 125    ASN       matches     A  72    ASN  
  TRANSFORM    0.7908  0.6106 -0.0421 -0.2211  0.3491  0.9106  0.5707 -0.7108  0.4111    -5.671    52.315   102.800  
 
 Match found in 2v3r_p00     EXOGLUCANASE 1                      
   Pattern 2v3r_p00               Query structure     RMSD=  1.24 A  No. of residues =   3
   ------- -------                --------------- 
    A 270    ASN       matches     A 391    ASN  
    A 384    ASN       matches     A  72    ASN  
    A 385    GLU       matches     A  68    GLU  
  TRANSFORM    0.9925 -0.1177  0.0343 -0.0327 -0.5234 -0.8514  0.1181  0.8439 -0.5233    28.797    51.287   -39.955  
 
 Match found in 1mro_c01     METHYL-COENZYME M REDUCTASE         
   Pattern 1mro_c01               Query structure     RMSD=  1.24 A  No. of residues =   3
   ------- -------                --------------- 
    D 465    GLY       matches     A 307    GLY  
    D 501    ASP       matches     A 317    ASP  
    E 367    TYR       matches     A 131    TYR  
  TRANSFORM   -0.9785  0.0467  0.2008 -0.1551 -0.8085 -0.5678  0.1359 -0.5867  0.7983    29.526     8.051    45.611  
 
 Match found in 1bvz_c09     ALPHA-AMYLASE II                    
   Pattern 1bvz_c09               Query structure     RMSD=  1.25 A  No. of residues =   3
   ------- -------                --------------- 
    B 325    ASP       matches     A 204    ASP  
    B 354    GLU       matches     A 250    GLU  
    B 421    ASP       matches     A  53    ASP  
  TRANSFORM    0.4293 -0.8170 -0.3850 -0.8448 -0.2124 -0.4912  0.3195  0.5361 -0.7814     0.621    56.078    33.612  
 
 Match found in 1boo_c00     N-4 CYTOSINE-SPECIFIC METHYLTRANSFER
   Pattern 1boo_c00               Query structure     RMSD=  1.27 A  No. of residues =   3
   ------- -------                --------------- 
    A  53    SER       matches     A  66    SER  
    A  54    PRO       matches     A  65    PRO  
    A  96    ASP       matches     A  69    ASP  
  TRANSFORM   -0.9790  0.1725 -0.1089  0.0189  0.6083  0.7935  0.2031  0.7748 -0.5987    41.296    36.306    47.361  
 
 Match found in 1lio_c01     ADENOSINE KINASE                    
   Pattern 1lio_c01               Query structure     RMSD=  1.27 A  No. of residues =   3
   ------- -------                --------------- 
    A 316    ALA       matches     A 286    ALA  
    A 317    GLY       matches     A 215    GLY  
    A 318    ASP       matches     A 287    ASP  
  TRANSFORM   -0.9441  0.0602 -0.3242 -0.0372  0.9574  0.2862  0.3276  0.2823 -0.9017    37.883    38.992    37.523  
 
 Match found in 1lio_c01     ADENOSINE KINASE                    
   Pattern 1lio_c01               Query structure     RMSD=  1.27 A  No. of residues =   3
   ------- -------                --------------- 
    A 316    ALA       matches     A 286    ALA  
    A 317    GLY       matches     A 216    GLY  
    A 318    ASP       matches     A 287    ASP  
  TRANSFORM    0.8203 -0.5080 -0.2627  0.5031  0.4226  0.7539 -0.2719 -0.7506  0.6022    30.914     7.212    27.680  
 
 Match found in 1xqd_c02     CYTOCHROME P450 55A1                
   Pattern 1xqd_c02               Query structure     RMSD=  1.27 A  No. of residues =   3
   ------- -------                --------------- 
    A 243    THR       matches     A 107    THR  
    A 345    PHE       matches     A  63    PHE  
    A 352    CYH       matches     A  57    CYH  
  TRANSFORM   -0.6639  0.5296 -0.5279  0.7478  0.4768 -0.4621  0.0069 -0.7016 -0.7126    43.320     3.320    26.547  
 
 Match found in 1h19_c00     LEUKOTRIENE A-4 HYDROLASE           
   Pattern 1h19_c00               Query structure     RMSD=  1.28 A  No. of residues =   3
   ------- -------                --------------- 
    A 271    GLN       matches     A  97    GLN  
    A 296    GLU       matches     A  59    GLU  
    A 383    TYR       matches     A 386    TYR  
  TRANSFORM   -0.9876  0.1252  0.0946  0.0860  0.9361 -0.3411 -0.1312 -0.3287 -0.9353    30.266    65.985    11.138  
 
 Match found in 1aql_c03     BILE-SALT ACTIVATED LIPASE          
   Pattern 1aql_c03               Query structure     RMSD=  1.29 A  No. of residues =   3
   ------- -------                --------------- 
    B 194    SER       matches     A  48    SER  
    B 292    ASP       matches     A  69    ASP  
    B 322    HIS       matches     A  10    HIS  
  TRANSFORM    0.8123 -0.5663  0.1391 -0.5155 -0.8089 -0.2827  0.2726  0.1580 -0.9491    32.333    39.324    79.581  
 
 Match found in 1m53_c06     ISOMALTULOSE SYNTHASE               
   Pattern 1m53_c06               Query structure     RMSD=  1.30 A  No. of residues =   3
   ------- -------                --------------- 
    A 241    ASP       matches     A 162    ASP  
    A 279    GLU       matches     A 194    GLU  
    A 369    ASP       matches     A 119    ASP  
  TRANSFORM   -0.9227  0.3328  0.1944  0.3351  0.9419 -0.0224 -0.1906  0.0445 -0.9807    43.319     2.626   100.812  
 
 Match found in 1nw9_c02     CASPASE 9, APOPTOSIS-RELATED CYSTEIN
   Pattern 1nw9_c02               Query structure     RMSD=  1.30 A  No. of residues =   3
   ------- -------                --------------- 
    B 237    HIS       matches     A  89    HIS  
    B 238    GLY       matches     A  90    GLY  
    B 287    CYH       matches     A  57    CYH  
  TRANSFORM   -0.3092 -0.9226 -0.2306 -0.9060  0.3595 -0.2234  0.2890  0.1399 -0.9470   -34.518    49.699    78.828  
 
 Match found in 2z3x_d00     DNA BINDING PROTEIN/DNA             
   Pattern 2z3x_d00               Query structure     RMSD=  1.30 A  No. of residues =   3
   ------- -------                --------------- 
    B  34    SER       matches     A 229    SER  
    B  37    ASN       matches     A 228    ASN  
    B  45    THR       matches     A 256    THR  
  TRANSFORM   -0.5684 -0.8036  0.1764  0.8200 -0.5709  0.0411  0.0677  0.1680  0.9835    14.708    27.762   -27.303  
 
 Match found in 1mro_c00     METHYL-COENZYME M REDUCTASE         
   Pattern 1mro_c00               Query structure     RMSD=  1.32 A  No. of residues =   3
   ------- -------                --------------- 
    A 465    GLY       matches     A  54    GLY  
    A 501    ASP       matches     A 162    ASP  
    B 367    TYR       matches     A 176    TYR  
  TRANSFORM   -0.0047  0.9119 -0.4103  0.9613  0.1172  0.2495  0.2756 -0.3932 -0.8772  -103.992    38.510    -5.091  
 
 Match found in 2esd_c01    	 1.02.01.0009                       
   Pattern 2esd_c01               Query structure     RMSD=  1.32 A  No. of residues =   3
   ------- -------                --------------- 
    B 154    ASN       matches     A 258    ASN  
    B 250    ALA       matches     A 286    ALA  
    B 284    CYH       matches     A 209    CYH  
  TRANSFORM   -0.6911 -0.4878 -0.5333  0.7117 -0.5878 -0.3846 -0.1258 -0.6453  0.7535    11.187    20.830   -12.832  
 
 Match found in 1mro_c00     METHYL-COENZYME M REDUCTASE         
   Pattern 1mro_c00               Query structure     RMSD=  1.33 A  No. of residues =   3
   ------- -------                --------------- 
    A 465    GLY       matches     A  24    GLY  
    A 501    ASP       matches     A 119    ASP  
    B 367    TYR       matches     A 293    TYR  
  TRANSFORM    0.8931  0.2078 -0.3991  0.0038 -0.8904 -0.4551 -0.4499  0.4049 -0.7960   121.633    12.739     6.187  
 
 Match found in 1p7m_c00     DNA-3-METHYLADENINE GLYCOSYLASE I   
   Pattern 1p7m_c00               Query structure     RMSD=  1.33 A  No. of residues =   3
   ------- -------                --------------- 
    A  16    TYR       matches     A 280    TYR  
    A  38    GLU       matches     A 262    GLU  
    A  46    TRP       matches     A 284    TRP  
  TRANSFORM   -0.9912 -0.0513  0.1219 -0.0739  0.9793 -0.1884 -0.1098 -0.1957 -0.9745    26.100    51.066   -38.350  
 
 Match found in 1mro_c01     METHYL-COENZYME M REDUCTASE         
   Pattern 1mro_c01               Query structure     RMSD=  1.34 A  No. of residues =   3
   ------- -------                --------------- 
    D 465    GLY       matches     A  54    GLY  
    D 501    ASP       matches     A 162    ASP  
    E 367    TYR       matches     A 176    TYR  
  TRANSFORM   -0.2089  0.1037  0.9724  0.0567 -0.9914  0.1179  0.9763  0.0797  0.2013    10.787    20.827   -13.732  
 
 Match found in 1mro_c00     METHYL-COENZYME M REDUCTASE         
   Pattern 1mro_c00               Query structure     RMSD=  1.34 A  No. of residues =   3
   ------- -------                --------------- 
    A 465    GLY       matches     A 307    GLY  
    A 501    ASP       matches     A 162    ASP  
    B 367    TYR       matches     A 176    TYR  
  TRANSFORM   -0.1183  0.6191  0.7763  0.9340  0.3347 -0.1246 -0.3370  0.7104 -0.6179    27.419    67.403    35.501  
 
 Match found in 1qho_c05     ALPHA-AMYLASE                       
   Pattern 1qho_c05               Query structure     RMSD=  1.34 A  No. of residues =   3
   ------- -------                --------------- 
    A 228    ASP       matches     A 204    ASP  
    A 261    ASP       matches     A  69    ASP  
    A 329    ASP       matches     A 128    ASP  
  TRANSFORM   -0.9923  0.1237 -0.0012  0.0946  0.7651  0.6369  0.0797  0.6319 -0.7710    29.931    57.782   -52.843  
 
 Match found in 1mro_c01     METHYL-COENZYME M REDUCTASE         
   Pattern 1mro_c01               Query structure     RMSD=  1.35 A  No. of residues =   3
   ------- -------                --------------- 
    D 465    GLY       matches     A  24    GLY  
    D 501    ASP       matches     A 119    ASP  
    E 367    TYR       matches     A 293    TYR  
  TRANSFORM    0.7677 -0.4665  0.4393 -0.3908  0.2024  0.8979 -0.5078 -0.8611 -0.0269   -35.735    49.850     0.792  
 
 Match found in 1ir3_c02     INSULIN RECEPTOR                    
   Pattern 1ir3_c02               Query structure     RMSD=  1.35 A  No. of residues =   3
   ------- -------                --------------- 
    A1132    ASP       matches     A 290    ASP  
    A1134    ALA       matches     A 357    ALA  
    A1137    ASN       matches     A 288    ASN  
  TRANSFORM    0.4726 -0.3589 -0.8049  0.2398 -0.8265  0.5094 -0.8480 -0.4337 -0.3045    22.229    53.197   -44.649  
 
 Match found in 1mro_c01     METHYL-COENZYME M REDUCTASE         
   Pattern 1mro_c01               Query structure     RMSD=  1.36 A  No. of residues =   3
   ------- -------                --------------- 
    D 465    GLY       matches     A 202    GLY  
    D 501    ASP       matches     A 290    ASP  
    E 367    TYR       matches     A  75    TYR  
  TRANSFORM   -0.2500  0.6904  0.6789 -0.9633 -0.1066 -0.2464 -0.0977 -0.7156  0.6917   -87.464    39.026    17.974  
 
 Match found in 2esd_c00    	 1.02.01.0009                       
   Pattern 2esd_c00               Query structure     RMSD=  1.36 A  No. of residues =   3
   ------- -------                --------------- 
    A 154    ASN       matches     A 258    ASN  
    A 250    ALA       matches     A 286    ALA  
    A 284    CYH       matches     A 209    CYH  
  TRANSFORM   -0.2222  0.3438 -0.9124  0.9727  0.1421 -0.1834  0.0666 -0.9282 -0.3660    25.768    23.965   -25.141  
 
 Match found in 1mro_c00     METHYL-COENZYME M REDUCTASE         
   Pattern 1mro_c00               Query structure     RMSD=  1.36 A  No. of residues =   3
   ------- -------                --------------- 
    A 465    GLY       matches     A 134    GLY  
    A 501    ASP       matches     A 188    ASP  
    B 367    TYR       matches     A 271    TYR  
  TRANSFORM    0.1076  0.1411 -0.9841  0.0680  0.9865  0.1489  0.9919 -0.0830  0.0965    50.659    70.782    31.976  
 
 Match found in 1ecf_c00     GLUTAMINE PHOSPHORIBOSYLPYROPHOSPHAT
   Pattern 1ecf_c00               Query structure     RMSD=  1.36 A  No. of residues =   3
   ------- -------                --------------- 
    A   1    CYH       matches     A 324    CYH  
    A 101    ASN       matches     A 327    ASN  
    A 102    GLY       matches     A 320    GLY  
  TRANSFORM    0.0689  0.3977 -0.9149 -0.5028  0.8059  0.3125  0.8616  0.4385  0.2555    10.324    29.553   -21.238  
 
 Match found in 1mro_c00     METHYL-COENZYME M REDUCTASE         
   Pattern 1mro_c00               Query structure     RMSD=  1.36 A  No. of residues =   3
   ------- -------                --------------- 
    A 465    GLY       matches     A 202    GLY  
    A 501    ASP       matches     A 290    ASP  
    B 367    TYR       matches     A  75    TYR  
  TRANSFORM   -0.8934  0.0636 -0.4448 -0.4392 -0.3328  0.8345 -0.0949  0.9409  0.3252    36.077    44.786   -39.910  
 
 Match found in 1mro_c01     METHYL-COENZYME M REDUCTASE         
   Pattern 1mro_c01               Query structure     RMSD=  1.37 A  No. of residues =   3
   ------- -------                --------------- 
    D 465    GLY       matches     A 134    GLY  
    D 501    ASP       matches     A 188    ASP  
    E 367    TYR       matches     A 271    TYR  
  TRANSFORM    0.2326 -0.0860 -0.9688  0.4159  0.9092  0.0191  0.8792 -0.4073  0.2472    59.639    30.916    12.592  
 
 Match found in 1uok_c04     OLIGO-1,6-GLUCOSIDASE               
   Pattern 1uok_c04               Query structure     RMSD=  1.37 A  No. of residues =   3
   ------- -------                --------------- 
      199    ASP       matches     A 128    ASP  
      218    GLU       matches     A 342    GLU  
      329    ASP       matches     A  53    ASP  
  TRANSFORM    0.0578 -0.6914  0.7202  0.4380 -0.6307 -0.6406  0.8971  0.3524  0.2664    32.431    18.653    33.260  
 
 Match found in 1mdr_c01     MANDELATE RACEMASE (E.C.5.1.2.2)    
   Pattern 1mdr_c01               Query structure     RMSD=  1.37 A  No. of residues =   3
   ------- -------                --------------- 
      164    LYS       matches     A 164    LYS  
      166    LYS       matches     A 157    LYS  
      324    SER       matches     A 240    SER  
  TRANSFORM   -0.1318  0.8402  0.5260  0.1019  0.5392 -0.8360 -0.9860 -0.0566 -0.1567    29.643    58.119   -51.963  
 
 Match found in 1mro_c01     METHYL-COENZYME M REDUCTASE         
   Pattern 1mro_c01               Query structure     RMSD=  1.38 A  No. of residues =   3
   ------- -------                --------------- 
    D 465    GLY       matches     A 307    GLY  
    D 501    ASP       matches     A 162    ASP  
    E 367    TYR       matches     A 176    TYR  
  TRANSFORM    0.6438 -0.2517  0.7226 -0.7514 -0.3863  0.5350  0.1445 -0.8874 -0.4378    12.315    23.897   -14.409  
 
 Match found in 1mro_c00     METHYL-COENZYME M REDUCTASE         
   Pattern 1mro_c00               Query structure     RMSD=  1.38 A  No. of residues =   3
   ------- -------                --------------- 
    A 465    GLY       matches     A 123    GLY  
    A 501    ASP       matches     A  67    ASP  
    B 367    TYR       matches     A 133    TYR  
  TRANSFORM    0.9945  0.1038  0.0167 -0.0333  0.4611 -0.8867 -0.0997  0.8813  0.4620    28.181    55.021   -51.270  
 
 Match found in 1mro_c01     METHYL-COENZYME M REDUCTASE         
   Pattern 1mro_c01               Query structure     RMSD=  1.38 A  No. of residues =   3
   ------- -------                --------------- 
    D 465    GLY       matches     A 123    GLY  
    D 501    ASP       matches     A  67    ASP  
    E 367    TYR       matches     A 133    TYR  
  TRANSFORM   -0.6424  0.7644  0.0543  0.3527  0.2320  0.9065  0.6804  0.6015 -0.4187    17.961     0.981    21.825  
 
 Match found in 1uy2_p00     ENDO-1,4-BETA-XYLANASE A            
   Pattern 1uy2_p00               Query structure     RMSD=  1.40 A  No. of residues =   3
   ------- -------                --------------- 
    A  51    TYR       matches     A 168    TYR  
    A 108    ASN       matches     A 132    ASN  
    A 135    ASN       matches     A 130    ASN  
  TRANSFORM   -0.4156  0.0290 -0.9091 -0.5577 -0.7977  0.2295 -0.7185  0.6023  0.3477    22.822    33.056    38.673  
 
 Match found in 1aql_c02     BILE-SALT ACTIVATED LIPASE          
   Pattern 1aql_c02               Query structure     RMSD=  1.40 A  No. of residues =   3
   ------- -------                --------------- 
    A 194    SER       matches     A  48    SER  
    A 292    ASP       matches     A  69    ASP  
    A 322    HIS       matches     A  10    HIS  
  TRANSFORM    0.9976 -0.0660  0.0209 -0.0623 -0.9874 -0.1454  0.0302  0.1438 -0.9892    63.387     7.863    18.234  
 
 Match found in 1ecf_c01     GLUTAMINE PHOSPHORIBOSYLPYROPHOSPHAT
   Pattern 1ecf_c01               Query structure     RMSD=  1.40 A  No. of residues =   3
   ------- -------                --------------- 
    B   1    CYH       matches     A 324    CYH  
    B 101    ASN       matches     A 327    ASN  
    B 102    GLY       matches     A 320    GLY  
  TRANSFORM   -0.3134  0.8484  0.4265 -0.7599 -0.4935  0.4231  0.5695 -0.1915  0.7994    -7.282    10.956    16.978  
 
 Match found in 2tdt_c00     TETRAHYDRODIPICOLINATE N-SUCCINYLTRA
   Pattern 2tdt_c00               Query structure     RMSD=  1.41 A  No. of residues =   3
   ------- -------                --------------- 
      141    ASP       matches     A 119    ASP  
      166    GLY       matches     A  16    GLY  
      169    GLU       matches     A  46    GLU  
  TRANSFORM   -0.9378  0.0498  0.3437 -0.2136  0.6977 -0.6838 -0.2739 -0.7147 -0.6436    10.202   113.095    18.897  
 
 Match found in 2amg_c06     1,4-ALPHA-D-GLUCAN MALTOTETRAHYDROLA
   Pattern 2amg_c06               Query structure     RMSD=  1.41 A  No. of residues =   3
   ------- -------                --------------- 
      193    ASP       matches     A 188    ASP  
      231    ASP       matches     A 138    ASP  
      294    ASP       matches     A 147    ASP  
  TRANSFORM    0.3412 -0.0236 -0.9397 -0.9179  0.2071 -0.3385  0.2026  0.9780  0.0490    65.444    88.342    35.357  
 
 Match found in 1mt5_c12     FATTY-ACID AMIDE HYDROLASE          
   Pattern 1mt5_c12               Query structure     RMSD=  1.42 A  No. of residues =   3
   ------- -------                --------------- 
    M 142    LYS       matches     A 244    LYS  
    M 217    SER       matches     A 240    SER  
    M 241    SER       matches     A 239    SER  
  TRANSFORM    0.1449  0.9286  0.3417  0.0492 -0.3517  0.9348  0.9882 -0.1187 -0.0967    38.324    80.713    40.847  
 
 Match found in 1cdg_c00     CYCLODEXTRIN GLYCOSYLTRANSFERASE (E.
   Pattern 1cdg_c00               Query structure     RMSD=  1.42 A  No. of residues =   3
   ------- -------                --------------- 
      229    ASP       matches     A  53    ASP  
      264    GLU       matches     A  59    GLU  
      328    ASP       matches     A 128    ASP  
  TRANSFORM    0.7134  0.6846  0.1496  0.2101 -0.4126  0.8863  0.6685 -0.6009 -0.4382     3.072    14.572    -6.390  
 
 Match found in 2tdt_c00     TETRAHYDRODIPICOLINATE N-SUCCINYLTRA
   Pattern 2tdt_c00               Query structure     RMSD=  1.42 A  No. of residues =   3
   ------- -------                --------------- 
      141    ASP       matches     A 314    ASP  
      166    GLY       matches     A 296    GLY  
      169    GLU       matches     A 342    GLU  
  TRANSFORM   -0.6369  0.7697  0.0438  0.3522  0.2399  0.9047  0.6858  0.5917 -0.4238    17.970     0.871    21.821  
 
 Match found in 1uy4_p00     ENDO-1,4-BETA-XYLANASE A            
   Pattern 1uy4_p00               Query structure     RMSD=  1.42 A  No. of residues =   3
   ------- -------                --------------- 
    A  51    TYR       matches     A 168    TYR  
    A 108    ASN       matches     A 132    ASN  
    A 135    ASN       matches     A 130    ASN  
  TRANSFORM   -0.1464 -0.4404 -0.8858 -0.5878 -0.6814  0.4360 -0.7956  0.5845 -0.1591    -0.324    -0.235    32.382  
 
 Match found in 1a4s_c02     BETAINE ALDEHYDE DEHYDROGENASE      
   Pattern 1a4s_c02               Query structure     RMSD=  1.43 A  No. of residues =   3
   ------- -------                --------------- 
    C 166    ASN       matches     A 327    ASN  
    C 263    GLU       matches     A 351    GLU  
    C 297    CYH       matches     A 324    CYH  
  TRANSFORM   -0.1998  0.9777 -0.0652 -0.4147 -0.1447 -0.8984 -0.8878 -0.1525  0.4343    54.569    42.002    17.608  
 
 Match found in 1uok_c05     OLIGO-1,6-GLUCOSIDASE               
   Pattern 1uok_c05               Query structure     RMSD=  1.44 A  No. of residues =   3
   ------- -------                --------------- 
      199    ASP       matches     A 204    ASP  
      242    GLU       matches     A 211    GLU  
      329    ASP       matches     A  53    ASP  
  TRANSFORM    0.4486 -0.5325  0.7178 -0.8850 -0.1525  0.4400 -0.1249 -0.8326 -0.5397   134.537    28.551   -17.131  
 
 Match found in 1lij_c01     ADENOSINE KINASE                    
   Pattern 1lij_c01               Query structure     RMSD=  1.44 A  No. of residues =   3
   ------- -------                --------------- 
    A 316    ALA       matches     A 286    ALA  
    A 317    GLY       matches     A 216    GLY  
    A 318    ASP       matches     A 287    ASP  
  TRANSFORM    0.8744  0.0891 -0.4769 -0.0164 -0.9770 -0.2127 -0.4849  0.1939 -0.8528    11.369    73.728   106.764  
 
 Match found in 2v3r_p00     EXOGLUCANASE 1                      
   Pattern 2v3r_p00               Query structure     RMSD=  1.44 A  No. of residues =   3
   ------- -------                --------------- 
    A 270    ASN       matches     A  72    ASN  
    A 384    ASN       matches     A  60    ASN  
    A 385    GLU       matches     A  62    GLU  
  TRANSFORM    0.7455 -0.5408  0.3895  0.6491  0.4565 -0.6085  0.1513  0.7065  0.6914     3.901   -22.505    63.331  
 
 Match found in 1gdo_c02     GLUCOSAMINE 6-PHOSPHATE SYNTHASE    
   Pattern 1gdo_c02               Query structure     RMSD=  1.44 A  No. of residues =   3
   ------- -------                --------------- 
    A   1    CYH       matches     A 324    CYH  
    A  98    ASN       matches     A 327    ASN  
    A  99    GLY       matches     A 320    GLY  
  TRANSFORM   -0.7534  0.5319 -0.3866 -0.6419 -0.4676  0.6077  0.1425  0.7060  0.6937    31.408    29.082   106.529  
 
 Match found in 1gdo_c03     GLUCOSAMINE 6-PHOSPHATE SYNTHASE    
   Pattern 1gdo_c03               Query structure     RMSD=  1.44 A  No. of residues =   3
   ------- -------                --------------- 
    C   1    CYH       matches     A 324    CYH  
    C  98    ASN       matches     A 327    ASN  
    C  99    GLY       matches     A 320    GLY  
  TRANSFORM   -0.4415  0.4193  0.7932 -0.0610  0.8680 -0.4928 -0.8952 -0.2660 -0.3577    19.558    39.684   -20.270  
 
 Match found in 1mro_c00     METHYL-COENZYME M REDUCTASE         
   Pattern 1mro_c00               Query structure     RMSD=  1.45 A  No. of residues =   3
   ------- -------                --------------- 
    A 465    GLY       matches     A 215    GLY  
    A 501    ASP       matches     A 365    ASP  
    B 367    TYR       matches     A 199    TYR  
  TRANSFORM    0.1401  0.8810  0.4518 -0.3754  0.4695 -0.7992 -0.9162 -0.0576  0.3965     2.123     6.946    23.908  
 
 Match found in 2tdt_c00     TETRAHYDRODIPICOLINATE N-SUCCINYLTRA
   Pattern 2tdt_c00               Query structure     RMSD=  1.45 A  No. of residues =   3
   ------- -------                --------------- 
      141    ASP       matches     A  27    ASP  
      166    GLY       matches     A 320    GLY  
      169    GLU       matches     A 351    GLU  
  TRANSFORM    0.6792 -0.7329  0.0406 -0.6389 -0.6175 -0.4589  0.3614  0.2857 -0.8876    32.695    33.808    79.124  
 
 Match found in 1m53_c05     ISOMALTULOSE SYNTHASE               
