******************************************************* user.XUMS **************************************************************
  TRANSFORM   -0.8779  0.2757 -0.3916 -0.4712 -0.3514  0.8090  0.0854  0.8947  0.4384    41.719   -92.315  -125.861  
 
 Match found in 1xny_c01     PROPIONYL-COA CARBOXYLASE COMPLEX B 
   Pattern 1xny_c01               Query structure     RMSD=  0.61 A  No. of residues =   3
   ------- -------                --------------- 
    A 420    ALA       matches     A 275    ALA  
    B 182    GLY       matches     A 104    GLY  
    B 183    GLY       matches     A  28    GLY  
  TRANSFORM   -0.3967 -0.8976  0.1920  0.8860 -0.4292 -0.1757  0.2401  0.1004  0.9655    29.772   -78.819  -121.800  
 
 Match found in 1xny_c00     PROPIONYL-COA CARBOXYLASE COMPLEX B 
   Pattern 1xny_c00               Query structure     RMSD=  0.63 A  No. of residues =   3
   ------- -------                --------------- 
    A 183    GLY       matches     A  26    GLY  
    B 419    GLY       matches     A  31    GLY  
    B 420    ALA       matches     A  30    ALA  
  TRANSFORM   -0.8401 -0.5420 -0.0202 -0.2413  0.3403  0.9088 -0.4858  0.7684 -0.4167    46.686   -94.542  -130.750  
 
 Match found in 1xny_c01     PROPIONYL-COA CARBOXYLASE COMPLEX B 
   Pattern 1xny_c01               Query structure     RMSD=  0.68 A  No. of residues =   3
   ------- -------                --------------- 
    A 420    ALA       matches     A  30    ALA  
    B 182    GLY       matches     A 104    GLY  
    B 183    GLY       matches     A 103    GLY  
  TRANSFORM   -0.4673 -0.8128 -0.3478 -0.4233 -0.1397  0.8951 -0.7762  0.5655 -0.2788    28.603   -60.364  -114.255  
 
 Match found in 1xny_c00     PROPIONYL-COA CARBOXYLASE COMPLEX B 
   Pattern 1xny_c00               Query structure     RMSD=  0.73 A  No. of residues =   3
   ------- -------                --------------- 
    A 183    GLY       matches     A 570    GLY  
    B 419    GLY       matches     A 567    GLY  
    B 420    ALA       matches     A  30    ALA  
  TRANSFORM   -0.0885  0.2027 -0.9752 -0.7503 -0.6575 -0.0686 -0.6551  0.7257  0.2103    19.104   -16.602     6.372  
 
 Match found in 1tz3_c02     PUTATIVE SUGAR KINASE               
   Pattern 1tz3_c02               Query structure     RMSD=  0.75 A  No. of residues =   3
   ------- -------                --------------- 
    A 250    ALA       matches     A 275    ALA  
    A 251    GLY       matches     A 276    GLY  
    A 252    ASP       matches     A 547    ASP  
  TRANSFORM   -0.5080  0.6706  0.5406 -0.5151 -0.7395  0.4334  0.6904 -0.0583  0.7211   -17.845    13.050    25.513  
 
 Match found in 1coy_c00     CHOLESTEROL OXIDASE (E.C.1.1.3.6) CO
   Pattern 1coy_c00               Query structure     RMSD=  0.75 A  No. of residues =   3
   ------- -------                --------------- 
      361    GLU       matches     A 377    GLU  
      447    HIS       matches     A 514    HIS  
      485    ASN       matches     A 558    ASN  
  TRANSFORM   -0.6529  0.7269 -0.2128 -0.5826 -0.3024  0.7545  0.4841  0.6166  0.6209    31.797   -54.341  -126.441  
 
 Match found in 1xny_c00     PROPIONYL-COA CARBOXYLASE COMPLEX B 
   Pattern 1xny_c00               Query structure     RMSD=  0.75 A  No. of residues =   3
   ------- -------                --------------- 
    A 183    GLY       matches     A  26    GLY  
    B 419    GLY       matches     A  31    GLY  
    B 420    ALA       matches     A  32    ALA  
  TRANSFORM   -0.9085  0.3827 -0.1679 -0.2673 -0.2233  0.9374  0.3212  0.8965  0.3051   150.247    27.421     2.489  
 
 Match found in 1lij_c01     ADENOSINE KINASE                    
   Pattern 1lij_c01               Query structure     RMSD=  0.76 A  No. of residues =   3
   ------- -------                --------------- 
    A 316    ALA       matches     A 275    ALA  
    A 317    GLY       matches     A 276    GLY  
    A 318    ASP       matches     A 547    ASP  
  TRANSFORM    0.7376  0.6585 -0.1492  0.0240  0.1954  0.9804  0.6748 -0.7268  0.1283    14.632   -12.058   -55.479  
 
 Match found in 1tz3_c03     PUTATIVE SUGAR KINASE               
   Pattern 1tz3_c03               Query structure     RMSD=  0.79 A  No. of residues =   3
   ------- -------                --------------- 
    B 250    ALA       matches     A 275    ALA  
    B 251    GLY       matches     A 276    GLY  
    B 252    ASP       matches     A 547    ASP  
  TRANSFORM    0.5204 -0.2084  0.8281 -0.0492 -0.9755 -0.2146  0.8525  0.0709 -0.5179    30.976    15.600    31.999  
 
 Match found in 1lio_c01     ADENOSINE KINASE                    
   Pattern 1lio_c01               Query structure     RMSD=  0.84 A  No. of residues =   3
   ------- -------                --------------- 
    A 316    ALA       matches     A 275    ALA  
    A 317    GLY       matches     A 276    GLY  
    A 318    ASP       matches     A 547    ASP  
  TRANSFORM    0.7037 -0.5573 -0.4407 -0.5468 -0.0287 -0.8368  0.4537  0.8298 -0.3249    54.336    76.154    15.458  
 
 Match found in 1grc_c02     GLYCINAMIDE RIBONUCLEOTIDE TRANSFORM
   Pattern 1grc_c02               Query structure     RMSD=  0.85 A  No. of residues =   3
   ------- -------                --------------- 
    A 106    ASN       matches     A 195    ASN  
    A 108    HIS       matches     A 158    HIS  
    A 144    ASP       matches     A 193    ASP  
  TRANSFORM    0.7695  0.6035  0.2090 -0.2430 -0.0259  0.9697  0.5906 -0.7969  0.1267    38.852   -93.015  -125.466  
 
 Match found in 1xny_c01     PROPIONYL-COA CARBOXYLASE COMPLEX B 
   Pattern 1xny_c01               Query structure     RMSD=  0.86 A  No. of residues =   3
   ------- -------                --------------- 
    A 420    ALA       matches     A  68    ALA  
    B 182    GLY       matches     A 104    GLY  
    B 183    GLY       matches     A  99    GLY  
  TRANSFORM    0.3564  0.9325  0.0591  0.7226 -0.2350 -0.6501 -0.5923  0.2744 -0.7576    35.183  -115.252  -138.883  
 
 Match found in 1xny_c01     PROPIONYL-COA CARBOXYLASE COMPLEX B 
   Pattern 1xny_c01               Query structure     RMSD=  0.88 A  No. of residues =   3
   ------- -------                --------------- 
    A 420    ALA       matches     A  27    ALA  
    B 182    GLY       matches     A  53    GLY  
    B 183    GLY       matches     A  52    GLY  
  TRANSFORM    0.7103 -0.1970  0.6757 -0.6758  0.0772  0.7330 -0.1966 -0.9774 -0.0783    35.188   -52.063  -124.767  
 
 Match found in 1xny_c00     PROPIONYL-COA CARBOXYLASE COMPLEX B 
   Pattern 1xny_c00               Query structure     RMSD=  0.89 A  No. of residues =   3
   ------- -------                --------------- 
    A 183    GLY       matches     A  53    GLY  
    B 419    GLY       matches     A  52    GLY  
    B 420    ALA       matches     A  51    ALA  
  TRANSFORM   -0.2511  0.0957  0.9632  0.8692 -0.4156  0.2679  0.4259  0.9045  0.0212   -11.692    31.495    74.746  
 
 Match found in 2r11_o00     CARBOXYLESTERASE NP                 
   Pattern 2r11_o00               Query structure     RMSD=  0.90 A  No. of residues =   3
   ------- -------                --------------- 
    A 130    SER       matches     A  13    SER  
    A 166    PHE       matches     A   7    PHE  
    A 182    PHE       matches     A  20    PHE  
  TRANSFORM   -0.0803 -0.6591 -0.7477 -0.8750  0.4060 -0.2639  0.4775  0.6330 -0.6093   -23.839    70.235    23.354  
 
 Match found in 2r11_o02     CARBOXYLESTERASE NP                 
   Pattern 2r11_o02               Query structure     RMSD=  0.91 A  No. of residues =   3
   ------- -------                --------------- 
    C 130    SER       matches     A  13    SER  
    C 166    PHE       matches     A   7    PHE  
    C 182    PHE       matches     A  20    PHE  
  TRANSFORM   -0.0843  0.1513 -0.9849  0.6873 -0.7068 -0.1674 -0.7215 -0.6910 -0.0444   -50.008    29.798   109.513  
 
 Match found in 2r11_o01     CARBOXYLESTERASE NP                 
   Pattern 2r11_o01               Query structure     RMSD=  0.93 A  No. of residues =   3
   ------- -------                --------------- 
    B 130    SER       matches     A  13    SER  
    B 166    PHE       matches     A   7    PHE  
    B 182    PHE       matches     A  20    PHE  
  TRANSFORM    0.1061  0.7790  0.6180 -0.5347 -0.4793  0.6960  0.8383 -0.4043  0.3657    38.148    56.063   -47.232  
 
 Match found in 1mro_c01     METHYL-COENZYME M REDUCTASE         
   Pattern 1mro_c01               Query structure     RMSD=  0.93 A  No. of residues =   3
   ------- -------                --------------- 
    D 465    GLY       matches     A 309    GLY  
    D 501    ASP       matches     A 120    ASP  
    E 367    TYR       matches     A 237    TYR  
  TRANSFORM   -0.6469 -0.4733  0.5979 -0.1638 -0.6795 -0.7152  0.7448 -0.5606  0.3620    35.017   -70.484  -129.881  
 
 Match found in 1xny_c00     PROPIONYL-COA CARBOXYLASE COMPLEX B 
   Pattern 1xny_c00               Query structure     RMSD=  0.93 A  No. of residues =   3
   ------- -------                --------------- 
    A 183    GLY       matches     A 104    GLY  
    B 419    GLY       matches     A  28    GLY  
    B 420    ALA       matches     A  30    ALA  
  TRANSFORM    0.1317 -0.9499  0.2836  0.6665 -0.1269 -0.7346  0.7338  0.2857  0.6164   -32.242    38.221    44.252  
 
 Match found in 1ddj_c15     PLASMINOGEN                         
   Pattern 1ddj_c15               Query structure     RMSD=  0.94 A  No. of residues =   3
   ------- -------                --------------- 
    D 603    HIS       matches     A 514    HIS  
    D 646    ASP       matches     A 314    ASP  
    D 739    GLY       matches     A 276    GLY  
  TRANSFORM   -0.4366  0.7732  0.4598 -0.8888 -0.2915 -0.3537 -0.1395 -0.5631  0.8145    -3.607    18.843    12.100  
 
 Match found in 1nww_c03     LIMONENE-1,2-EPOXIDE HYDROLASE      
   Pattern 1nww_c03               Query structure     RMSD=  0.94 A  No. of residues =   3
   ------- -------                --------------- 
    B  99    ARG       matches     A 152    ARG  
    B 101    ASP       matches     A 149    ASP  
    B 132    ASP       matches     A 207    ASP  
  TRANSFORM    0.5745  0.3038 -0.7600  0.6068  0.4651  0.6446  0.5493 -0.8315  0.0828    29.812    22.947    16.353  
 
 Match found in 1lio_c01     ADENOSINE KINASE                    
   Pattern 1lio_c01               Query structure     RMSD=  0.94 A  No. of residues =   3
   ------- -------                --------------- 
    A 316    ALA       matches     A 523    ALA  
    A 317    GLY       matches     A 522    GLY  
    A 318    ASP       matches     A 532    ASP  
  TRANSFORM    0.4466 -0.7725 -0.4514  0.8661  0.2466  0.4348 -0.2246 -0.5852  0.7792    26.392     6.314    12.536  
 
 Match found in 1nww_c02     LIMONENE-1,2-EPOXIDE HYDROLASE      
   Pattern 1nww_c02               Query structure     RMSD=  0.95 A  No. of residues =   3
   ------- -------                --------------- 
    A  99    ARG       matches     A 152    ARG  
    A 101    ASP       matches     A 149    ASP  
    A 132    ASP       matches     A 207    ASP  
  TRANSFORM    0.2910 -0.8475 -0.4439  0.3857  0.5285 -0.7562  0.8755  0.0489  0.4807   -27.280    41.903   -19.136  
 
 Match found in 1ddj_c13     PLASMINOGEN                         
   Pattern 1ddj_c13               Query structure     RMSD=  0.96 A  No. of residues =   3
   ------- -------                --------------- 
    B 603    HIS       matches     A 514    HIS  
    B 646    ASP       matches     A 314    ASP  
    B 739    GLY       matches     A  99    GLY  
  TRANSFORM   -0.9731  0.0661  0.2207  0.2301  0.2370  0.9439  0.0101  0.9693 -0.2458    10.942    57.582    61.890  
 
 Match found in 1ddj_c14     PLASMINOGEN                         
   Pattern 1ddj_c14               Query structure     RMSD=  0.96 A  No. of residues =   3
   ------- -------                --------------- 
    C 603    HIS       matches     A 514    HIS  
    C 646    ASP       matches     A 314    ASP  
    C 739    GLY       matches     A  99    GLY  
  TRANSFORM   -0.4125 -0.9105  0.0270  0.3838 -0.1469  0.9117 -0.8261  0.3865  0.4101    46.448   -87.599  -118.178  
 
 Match found in 1xny_c01     PROPIONYL-COA CARBOXYLASE COMPLEX B 
   Pattern 1xny_c01               Query structure     RMSD=  0.96 A  No. of residues =   3
   ------- -------                --------------- 
    A 420    ALA       matches     A 235    ALA  
    B 182    GLY       matches     A  52    GLY  
    B 183    GLY       matches     A  53    GLY  
  TRANSFORM   -0.4496  0.7491  0.4866 -0.8867 -0.3087 -0.3440 -0.1075 -0.5861  0.8030    -3.554    19.145    12.338  
 
 Match found in 1nu3_c01     LIMONENE-1,2-EPOXIDE HYDROLASE      
   Pattern 1nu3_c01               Query structure     RMSD=  0.97 A  No. of residues =   3
   ------- -------                --------------- 
    B  99    ARG       matches     A 152    ARG  
    B 101    ASP       matches     A 149    ASP  
    B 132    ASP       matches     A 207    ASP  
  TRANSFORM    0.5318  0.3271  0.7811 -0.6861  0.7072  0.1709 -0.4965 -0.6268  0.6005   -17.002    71.848    74.519  
 
 Match found in 2r11_o03     CARBOXYLESTERASE NP                 
   Pattern 2r11_o03               Query structure     RMSD=  0.97 A  No. of residues =   3
   ------- -------                --------------- 
    D 130    SER       matches     A  13    SER  
    D 166    PHE       matches     A   7    PHE  
    D 182    PHE       matches     A  20    PHE  
  TRANSFORM    0.5227  0.8414 -0.1372  0.2376 -0.2983 -0.9244 -0.8188  0.4506 -0.3558    17.939    15.410   -18.028  
 
 Match found in 1mro_c00     METHYL-COENZYME M REDUCTASE         
   Pattern 1mro_c00               Query structure     RMSD=  0.98 A  No. of residues =   3
   ------- -------                --------------- 
    A 465    GLY       matches     A 309    GLY  
    A 501    ASP       matches     A 120    ASP  
    B 367    TYR       matches     A 237    TYR  
  TRANSFORM    0.1226  0.8407 -0.5274  0.5147  0.4005  0.7581  0.8486 -0.3644 -0.3836    19.143   -64.809  -135.802  
 
 Match found in 1xny_c00     PROPIONYL-COA CARBOXYLASE COMPLEX B 
   Pattern 1xny_c00               Query structure     RMSD=  0.98 A  No. of residues =   3
   ------- -------                --------------- 
    A 183    GLY       matches     A 104    GLY  
    B 419    GLY       matches     A  28    GLY  
    B 420    ALA       matches     A  27    ALA  
  TRANSFORM    0.4573 -0.7630 -0.4569  0.8579  0.2430  0.4528 -0.2344 -0.5990  0.7657    26.405     6.210    12.844  
 
 Match found in 1nu3_c00     LIMONENE-1,2-EPOXIDE HYDROLASE      
   Pattern 1nu3_c00               Query structure     RMSD=  0.98 A  No. of residues =   3
   ------- -------                --------------- 
    A  99    ARG       matches     A 152    ARG  
    A 101    ASP       matches     A 149    ASP  
    A 132    ASP       matches     A 207    ASP  
  TRANSFORM    0.7716  0.6276 -0.1036  0.2867 -0.4886 -0.8241 -0.5678  0.6062 -0.5569    32.296  -108.692  -130.817  
 
 Match found in 1xny_c01     PROPIONYL-COA CARBOXYLASE COMPLEX B 
   Pattern 1xny_c01               Query structure     RMSD=  0.99 A  No. of residues =   3
   ------- -------                --------------- 
    A 420    ALA       matches     A  30    ALA  
    B 182    GLY       matches     A 103    GLY  
    B 183    GLY       matches     A 104    GLY  
  TRANSFORM    0.8818 -0.4715  0.0129  0.1670  0.2865 -0.9434  0.4411  0.8340  0.3314    31.326  -110.605  -128.947  
 
 Match found in 1xny_c01     PROPIONYL-COA CARBOXYLASE COMPLEX B 
   Pattern 1xny_c01               Query structure     RMSD=  0.99 A  No. of residues =   3
   ------- -------                --------------- 
    A 420    ALA       matches     A 275    ALA  
    B 182    GLY       matches     A  31    GLY  
    B 183    GLY       matches     A  28    GLY  
  TRANSFORM   -0.1226  0.3595  0.9250 -0.9248 -0.3797  0.0250  0.3602 -0.8524  0.3790    32.869   -59.046  -126.565  
 
 Match found in 1xny_c00     PROPIONYL-COA CARBOXYLASE COMPLEX B 
   Pattern 1xny_c00               Query structure     RMSD=  1.00 A  No. of residues =   3
   ------- -------                --------------- 
    A 183    GLY       matches     A 103    GLY  
    B 419    GLY       matches     A  28    GLY  
    B 420    ALA       matches     A  30    ALA  
  TRANSFORM   -0.9581  0.0575  0.2805  0.2852  0.2787  0.9170 -0.0254  0.9586 -0.2835    13.434    58.788    -1.397  
 
 Match found in 1ddj_c12     PLASMINOGEN                         
   Pattern 1ddj_c12               Query structure     RMSD=  1.03 A  No. of residues =   3
   ------- -------                --------------- 
    A 603    HIS       matches     A 514    HIS  
    A 646    ASP       matches     A 314    ASP  
    A 739    GLY       matches     A  99    GLY  
  TRANSFORM    0.9563  0.1955 -0.2174 -0.2449  0.1295 -0.9608 -0.1597  0.9721  0.1718    32.219  -109.258  -128.029  
 
 Match found in 1xny_c01     PROPIONYL-COA CARBOXYLASE COMPLEX B 
   Pattern 1xny_c01               Query structure     RMSD=  1.04 A  No. of residues =   3
   ------- -------                --------------- 
    A 420    ALA       matches     A 275    ALA  
    B 182    GLY       matches     A 103    GLY  
    B 183    GLY       matches     A 104    GLY  
  TRANSFORM   -0.9238 -0.2224 -0.3116 -0.2126 -0.3789  0.9007 -0.3184  0.8983  0.3027    39.857   -92.914  -125.593  
 
 Match found in 1xny_c01     PROPIONYL-COA CARBOXYLASE COMPLEX B 
   Pattern 1xny_c01               Query structure     RMSD=  1.04 A  No. of residues =   3
   ------- -------                --------------- 
    A 420    ALA       matches     A 275    ALA  
    B 182    GLY       matches     A  99    GLY  
    B 183    GLY       matches     A 104    GLY  
  TRANSFORM   -0.8982  0.3768 -0.2265  0.0498  0.5991  0.7992  0.4368  0.7065 -0.5568    13.485    58.509    64.017  
 
 Match found in 1ddj_c14     PLASMINOGEN                         
   Pattern 1ddj_c14               Query structure     RMSD=  1.05 A  No. of residues =   3
   ------- -------                --------------- 
    C 603    HIS       matches     A 514    HIS  
    C 646    ASP       matches     A 314    ASP  
    C 739    GLY       matches     A 276    GLY  
  TRANSFORM    0.3904  0.8211  0.4163 -0.5964  0.5701 -0.5651 -0.7014 -0.0276  0.7123   -12.565    21.710    18.650  
 
 Match found in 1coy_c00     CHOLESTEROL OXIDASE (E.C.1.1.3.6) CO
   Pattern 1coy_c00               Query structure     RMSD=  1.06 A  No. of residues =   3
   ------- -------                --------------- 
      361    GLU       matches     A 377    GLU  
      447    HIS       matches     A 315    HIS  
      485    ASN       matches     A 425    ASN  
  TRANSFORM    0.4434 -0.8608 -0.2497  0.3313  0.4163 -0.8467  0.8328  0.2927  0.4698   -28.907    38.749    44.976  
 
 Match found in 1ddj_c15     PLASMINOGEN                         
   Pattern 1ddj_c15               Query structure     RMSD=  1.07 A  No. of residues =   3
   ------- -------                --------------- 
    D 603    HIS       matches     A 514    HIS  
    D 646    ASP       matches     A 314    ASP  
    D 739    GLY       matches     A  99    GLY  
  TRANSFORM   -0.5906 -0.0442  0.8057 -0.4851  0.8174 -0.3107 -0.6449 -0.5744 -0.5042    39.197   -63.216  -128.234  
 
 Match found in 1xny_c00     PROPIONYL-COA CARBOXYLASE COMPLEX B 
   Pattern 1xny_c00               Query structure     RMSD=  1.08 A  No. of residues =   3
   ------- -------                --------------- 
    A 183    GLY       matches     A  31    GLY  
    B 419    GLY       matches     A  26    GLY  
    B 420    ALA       matches     A 275    ALA  
  TRANSFORM   -0.8732 -0.4856 -0.0419  0.1278 -0.3110  0.9418 -0.4704  0.8170  0.3336     7.602   -24.116   -12.687  
 
 Match found in 1be1_c02     GLUTAMATE MUTASE                    
   Pattern 1be1_c02               Query structure     RMSD=  1.10 A  No. of residues =   3
   ------- -------                --------------- 
       14    ASP       matches     A 154    ASP  
       16    HIS       matches     A 158    HIS  
       67    GLY       matches     A 372    GLY  
  TRANSFORM   -0.9323 -0.2059 -0.2973  0.1525 -0.9692  0.1933 -0.3279  0.1349  0.9350    33.606   -88.332  -128.213  
 
 Match found in 1xny_c00     PROPIONYL-COA CARBOXYLASE COMPLEX B 
   Pattern 1xny_c00               Query structure     RMSD=  1.10 A  No. of residues =   3
   ------- -------                --------------- 
    A 183    GLY       matches     A 522    GLY  
    B 419    GLY       matches     A 128    GLY  
    B 420    ALA       matches     A 127    ALA  
  TRANSFORM    0.3306  0.6561 -0.6784 -0.9430  0.2588 -0.2093  0.0383  0.7089  0.7042    12.558    28.437    -7.648  
 
 Match found in 1mro_c00     METHYL-COENZYME M REDUCTASE         
   Pattern 1mro_c00               Query structure     RMSD=  1.11 A  No. of residues =   3
   ------- -------                --------------- 
    A 465    GLY       matches     A 309    GLY  
    A 501    ASP       matches     A 541    ASP  
    B 367    TYR       matches     A  73    TYR  
  TRANSFORM   -0.9035  0.3944 -0.1675  0.1208  0.6094  0.7836  0.4111  0.6878 -0.5983    15.977    59.667     0.752  
 
 Match found in 1ddj_c12     PLASMINOGEN                         
   Pattern 1ddj_c12               Query structure     RMSD=  1.11 A  No. of residues =   3
   ------- -------                --------------- 
    A 603    HIS       matches     A 514    HIS  
    A 646    ASP       matches     A 314    ASP  
    A 739    GLY       matches     A 276    GLY  
  TRANSFORM    0.2997 -0.4637 -0.8337  0.5475  0.7993 -0.2477  0.7813 -0.3823  0.4935    25.120    29.332   -30.248  
 
 Match found in 1mro_c00     METHYL-COENZYME M REDUCTASE         
   Pattern 1mro_c00               Query structure     RMSD=  1.11 A  No. of residues =   3
   ------- -------                --------------- 
    A 465    GLY       matches     A 202    GLY  
    A 501    ASP       matches     A 458    ASP  
    B 367    TYR       matches     A 140    TYR  
  TRANSFORM   -0.0235  0.3299 -0.9437  0.5317  0.8035  0.2676  0.8466 -0.4955 -0.1943    47.855    29.181    -1.386  
 
 Match found in 1q6l_c05     3-KETO-L-GULONATE 6-PHOSPHATE DECARB
   Pattern 1q6l_c05               Query structure     RMSD=  1.12 A  No. of residues =   3
   ------- -------                --------------- 
    A  67    ASP       matches     A 305    ASP  
    A  68    ALA       matches     A 292    ALA  
    A  72    LEU       matches     A 295    LEU  
  TRANSFORM    0.9188 -0.3679 -0.1431  0.0927 -0.1511  0.9842 -0.3837 -0.9175 -0.1047   -59.297   -45.068     1.621  
 
 Match found in 1cwy_c00     AMYLOMALTASE                        
   Pattern 1cwy_c00               Query structure     RMSD=  1.12 A  No. of residues =   3
   ------- -------                --------------- 
    A 293    ASP       matches     A 122    ASP  
    A 340    GLU       matches     A 125    GLU  
    A 395    ASP       matches     A 135    ASP  
  TRANSFORM   -0.6009 -0.6719  0.4330  0.2691  0.3400  0.9011 -0.7527  0.6580 -0.0234    11.124    32.747   -24.576  
 
 Match found in 1mro_c00     METHYL-COENZYME M REDUCTASE         
   Pattern 1mro_c00               Query structure     RMSD=  1.13 A  No. of residues =   3
   ------- -------                --------------- 
    A 465    GLY       matches     A  99    GLY  
    A 501    ASP       matches     A 439    ASP  
    B 367    TYR       matches     A 318    TYR  
  TRANSFORM   -0.9868  0.0327  0.1584 -0.1265  0.4539 -0.8820 -0.1008 -0.8905 -0.4438    35.118   -73.913  -133.160  
 
 Match found in 1xny_c00     PROPIONYL-COA CARBOXYLASE COMPLEX B 
   Pattern 1xny_c00               Query structure     RMSD=  1.13 A  No. of residues =   3
   ------- -------                --------------- 
    A 183    GLY       matches     A  28    GLY  
    B 419    GLY       matches     A  26    GLY  
    B 420    ALA       matches     A 275    ALA  
  TRANSFORM    0.9428  0.2408 -0.2307  0.3334 -0.6913  0.6411 -0.0051 -0.6813 -0.7320    25.098    51.808   -58.095  
 
 Match found in 1mro_c01     METHYL-COENZYME M REDUCTASE         
   Pattern 1mro_c01               Query structure     RMSD=  1.13 A  No. of residues =   3
   ------- -------                --------------- 
    D 465    GLY       matches     A 309    GLY  
    D 501    ASP       matches     A 541    ASP  
    E 367    TYR       matches     A  73    TYR  
  TRANSFORM   -0.6593 -0.5717 -0.4884  0.3827  0.3039 -0.8724  0.6472 -0.7621  0.0184    21.046    51.086   -42.795  
 
 Match found in 1mro_c01     METHYL-COENZYME M REDUCTASE         
   Pattern 1mro_c01               Query structure     RMSD=  1.13 A  No. of residues =   3
   ------- -------                --------------- 
    D 465    GLY       matches     A 104    GLY  
    D 501    ASP       matches     A 439    ASP  
    E 367    TYR       matches     A 318    TYR  
  TRANSFORM   -0.9394  0.2090  0.2718  0.0215  0.8272 -0.5615 -0.3422 -0.5216 -0.7816   159.408    38.095    -7.646  
 
 Match found in 1lij_c01     ADENOSINE KINASE                    
   Pattern 1lij_c01               Query structure     RMSD=  1.14 A  No. of residues =   3
   ------- -------                --------------- 
    A 316    ALA       matches     A 523    ALA  
    A 317    GLY       matches     A 522    GLY  
    A 318    ASP       matches     A 532    ASP  
  TRANSFORM   -0.3532  0.4795 -0.8033 -0.9252 -0.0516  0.3760  0.1389  0.8760  0.4618    35.173   -92.292  -126.615  
 
 Match found in 1xny_c01     PROPIONYL-COA CARBOXYLASE COMPLEX B 
   Pattern 1xny_c01               Query structure     RMSD=  1.14 A  No. of residues =   3
   ------- -------                --------------- 
    A 420    ALA       matches     A 275    ALA  
    B 182    GLY       matches     A 103    GLY  
    B 183    GLY       matches     A  28    GLY  
  TRANSFORM   -0.6191 -0.6562 -0.4314  0.3182  0.2926 -0.9017  0.7179 -0.6956  0.0276    20.095    50.657   -41.337  
 
 Match found in 1mro_c01     METHYL-COENZYME M REDUCTASE         
   Pattern 1mro_c01               Query structure     RMSD=  1.14 A  No. of residues =   3
   ------- -------                --------------- 
    D 465    GLY       matches     A  99    GLY  
    D 501    ASP       matches     A 439    ASP  
    E 367    TYR       matches     A 318    TYR  
  TRANSFORM   -0.5865  0.6539  0.4779 -0.6102 -0.7448  0.2700  0.5325 -0.1333  0.8359    50.321   -95.197  -123.645  
 
 Match found in 1xny_c01     PROPIONYL-COA CARBOXYLASE COMPLEX B 
   Pattern 1xny_c01               Query structure     RMSD=  1.14 A  No. of residues =   3
   ------- -------                --------------- 
    A 420    ALA       matches     A  51    ALA  
    B 182    GLY       matches     A  28    GLY  
    B 183    GLY       matches     A  26    GLY  
  TRANSFORM   -0.1584 -0.7786 -0.6071  0.5185 -0.5889  0.6200 -0.8403 -0.2166  0.4970     9.461   -21.939    -2.436  
 
 Match found in 1be1_c02     GLUTAMATE MUTASE                    
   Pattern 1be1_c02               Query structure     RMSD=  1.15 A  No. of residues =   3
   ------- -------                --------------- 
       14    ASP       matches     A 154    ASP  
       16    HIS       matches     A 158    HIS  
       67    GLY       matches     A 131    GLY  
  TRANSFORM    0.4292 -0.2415 -0.8703  0.9017  0.1706  0.3974  0.0525 -0.9553  0.2910     8.044    28.219     4.447  
 
 Match found in 2tdt_c00     TETRAHYDRODIPICOLINATE N-SUCCINYLTRA
   Pattern 2tdt_c00               Query structure     RMSD=  1.15 A  No. of residues =   3
   ------- -------                --------------- 
      141    ASP       matches     A  90    ASP  
      166    GLY       matches     A 320    GLY  
      169    GLU       matches     A 485    GLU  
  TRANSFORM   -0.2040 -0.9295 -0.3074 -0.5969 -0.1308  0.7916 -0.7759  0.3450 -0.5281    31.267    42.054   -34.939  
 
 Match found in 1mro_c01     METHYL-COENZYME M REDUCTASE         
   Pattern 1mro_c01               Query structure     RMSD=  1.15 A  No. of residues =   3
   ------- -------                --------------- 
    D 465    GLY       matches     A 202    GLY  
    D 501    ASP       matches     A 458    ASP  
    E 367    TYR       matches     A 140    TYR  
  TRANSFORM   -0.1500  0.5804  0.8004 -0.9642 -0.2651  0.0116  0.2188 -0.7700  0.5994   -46.233    55.989   -13.744  
 
 Match found in 3nwu_o00     SERINE PROTEASE HTRA1               
   Pattern 3nwu_o00               Query structure     RMSD=  1.16 A  No. of residues =   3
   ------- -------                --------------- 
    A 220    HIS       matches     A 158    HIS  
    A 250    ASP       matches     A 193    ASP  
    A 328    SER       matches     A 167    SER  
  TRANSFORM    0.6695 -0.0170  0.7426  0.6349 -0.5058 -0.5840  0.3855  0.8625 -0.3278    16.016     7.903    36.920  
 
 Match found in 1lio_c01     ADENOSINE KINASE                    
   Pattern 1lio_c01               Query structure     RMSD=  1.16 A  No. of residues =   3
   ------- -------                --------------- 
    A 316    ALA       matches     A 571    ALA  
    A 317    GLY       matches     A 570    GLY  
    A 318    ASP       matches     A 572    ASP  
  TRANSFORM   -0.6797 -0.6310  0.3740  0.2612  0.2683  0.9272 -0.6854  0.7279 -0.0175    11.315    31.765   -23.088  
 
 Match found in 1mro_c00     METHYL-COENZYME M REDUCTASE         
   Pattern 1mro_c00               Query structure     RMSD=  1.16 A  No. of residues =   3
   ------- -------                --------------- 
    A 465    GLY       matches     A 104    GLY  
    A 501    ASP       matches     A 439    ASP  
    B 367    TYR       matches     A 318    TYR  
  TRANSFORM   -0.5026 -0.4015 -0.7656  0.1012 -0.9068  0.4091 -0.8586  0.1282  0.4964    35.562   -96.647  -121.573  
 
 Match found in 1xny_c01     PROPIONYL-COA CARBOXYLASE COMPLEX B 
   Pattern 1xny_c01               Query structure     RMSD=  1.16 A  No. of residues =   3
   ------- -------                --------------- 
    A 420    ALA       matches     A  27    ALA  
    B 182    GLY       matches     A  99    GLY  
    B 183    GLY       matches     A 104    GLY  
  TRANSFORM   -0.3421  0.7593 -0.5536 -0.1892  0.5214  0.8321  0.9204  0.3894 -0.0347   -55.404    50.659   -31.170  
 
 Match found in 3nwu_o01     SERINE PROTEASE HTRA1               
   Pattern 3nwu_o01               Query structure     RMSD=  1.17 A  No. of residues =   3
   ------- -------                --------------- 
    B 220    HIS       matches     A 158    HIS  
    B 250    ASP       matches     A 193    ASP  
    B 328    SER       matches     A 167    SER  
  TRANSFORM    0.0939 -0.8926 -0.4410 -0.0352  0.4397 -0.8974  0.9950  0.0998  0.0099    -2.150    -8.850   -58.765  
 
 Match found in 1tz3_c03     PUTATIVE SUGAR KINASE               
   Pattern 1tz3_c03               Query structure     RMSD=  1.17 A  No. of residues =   3
   ------- -------                --------------- 
    B 250    ALA       matches     A 523    ALA  
    B 251    GLY       matches     A 522    GLY  
    B 252    ASP       matches     A 532    ASP  
  TRANSFORM    0.8804 -0.4352  0.1884  0.1802 -0.0604 -0.9818  0.4387  0.8983  0.0252     9.008    24.931    10.623  
 
 Match found in 2tdt_c00     TETRAHYDRODIPICOLINATE N-SUCCINYLTRA
   Pattern 2tdt_c00               Query structure     RMSD=  1.17 A  No. of residues =   3
   ------- -------                --------------- 
      141    ASP       matches     A 375    ASP  
      166    GLY       matches     A 320    GLY  
      169    GLU       matches     A 485    GLU  
  TRANSFORM   -0.5608  0.6326 -0.5342 -0.5044  0.2506  0.8263  0.6566  0.7328  0.1785     6.924    12.569    28.559  
 
 Match found in 1amo_c00     NADPH-CYTOCHROME P450 REDUCTASE     
   Pattern 1amo_c00               Query structure     RMSD=  1.17 A  No. of residues =   3
   ------- -------                --------------- 
    A 457    SER       matches     A 280    SER  
    A 630    CYH       matches     A 548    CYH  
    A 675    ASP       matches     A 547    ASP  
  TRANSFORM    0.6080 -0.5794  0.5428  0.4357 -0.3281 -0.8382  0.6638  0.7461  0.0530    44.869    12.831    27.231  
 
 Match found in 1amo_c01     NADPH-CYTOCHROME P450 REDUCTASE     
   Pattern 1amo_c01               Query structure     RMSD=  1.17 A  No. of residues =   3
   ------- -------                --------------- 
    B 457    SER       matches     A 280    SER  
    B 630    CYH       matches     A 548    CYH  
    B 675    ASP       matches     A 547    ASP  
  TRANSFORM    0.3932 -0.8857  0.2469  0.3147 -0.1227 -0.9412  0.8639  0.4478  0.2305    -0.277    26.007    17.897  
 
 Match found in 2tdt_c00     TETRAHYDRODIPICOLINATE N-SUCCINYLTRA
   Pattern 2tdt_c00               Query structure     RMSD=  1.18 A  No. of residues =   3
   ------- -------                --------------- 
      141    ASP       matches     A 458    ASP  
      166    GLY       matches     A 320    GLY  
      169    GLU       matches     A 484    GLU  
  TRANSFORM   -0.1148  0.0251  0.9931  0.8440 -0.5248  0.1108  0.5240  0.8508  0.0391    -8.716    11.130    20.572  
 
 Match found in 2tdt_c00     TETRAHYDRODIPICOLINATE N-SUCCINYLTRA
   Pattern 2tdt_c00               Query structure     RMSD=  1.19 A  No. of residues =   3
   ------- -------                --------------- 
      141    ASP       matches     A 458    ASP  
      166    GLY       matches     A 431    GLY  
      169    GLU       matches     A  80    GLU  
  TRANSFORM   -0.6892  0.0700  0.7212  0.6726 -0.3085  0.6727  0.2696  0.9486  0.1656    14.793    65.533    45.076  
 
 Match found in 1qho_c05     ALPHA-AMYLASE                       
   Pattern 1qho_c05               Query structure     RMSD=  1.19 A  No. of residues =   3
   ------- -------                --------------- 
    A 228    ASP       matches     A 453    ASP  
    A 261    ASP       matches     A 366    ASP  
    A 329    ASP       matches     A 458    ASP  
  TRANSFORM   -0.9606 -0.2599  0.0989 -0.2738  0.8222 -0.4989  0.0484 -0.5063 -0.8610   -39.619    39.917   -24.479  
 
 Match found in 3nwu_o02     SERINE PROTEASE HTRA1               
   Pattern 3nwu_o02               Query structure     RMSD=  1.19 A  No. of residues =   3
   ------- -------                --------------- 
    C 220    HIS       matches     A 158    HIS  
    C 250    ASP       matches     A 193    ASP  
    C 328    SER       matches     A 167    SER  
  TRANSFORM   -0.9930  0.0873 -0.0801 -0.0998 -0.2520  0.9626  0.0638  0.9638  0.2589    42.334    14.436    61.432  
 
 Match found in 1lio_c01     ADENOSINE KINASE                    
   Pattern 1lio_c01               Query structure     RMSD=  1.20 A  No. of residues =   3
   ------- -------                --------------- 
    A 316    ALA       matches     A 523    ALA  
    A 317    GLY       matches     A 525    GLY  
    A 318    ASP       matches     A 526    ASP  
  TRANSFORM    0.8621  0.0849  0.4996  0.4330  0.3889 -0.8132 -0.2634  0.9173  0.2985    -4.553     9.067     3.424  
 
 Match found in 1nu3_c01     LIMONENE-1,2-EPOXIDE HYDROLASE      
   Pattern 1nu3_c01               Query structure     RMSD=  1.20 A  No. of residues =   3
   ------- -------                --------------- 
    B  99    ARG       matches     A 152    ARG  
    B 101    ASP       matches     A 193    ASP  
    B 132    ASP       matches     A 207    ASP  
  TRANSFORM    0.1984  0.8711  0.4493 -0.1124 -0.4352  0.8933  0.9737 -0.2277  0.0116    29.053   -20.270    44.342  
 
 Match found in 1a4s_c02     BETAINE ALDEHYDE DEHYDROGENASE      
   Pattern 1a4s_c02               Query structure     RMSD=  1.21 A  No. of residues =   3
   ------- -------                --------------- 
    C 166    ASN       matches     A 507    ASN  
    C 263    GLU       matches     A 492    GLU  
    C 297    CYH       matches     A 503    CYH  
  TRANSFORM    0.7223 -0.6710 -0.1674  0.6769  0.6363  0.3701 -0.1418 -0.3807  0.9138    25.285  -109.258  -125.603  
 
 Match found in 1xny_c01     PROPIONYL-COA CARBOXYLASE COMPLEX B 
   Pattern 1xny_c01               Query structure     RMSD=  1.21 A  No. of residues =   3
   ------- -------                --------------- 
    A 420    ALA       matches     A  35    ALA  
    B 182    GLY       matches     A 570    GLY  
    B 183    GLY       matches     A 567    GLY  
  TRANSFORM   -0.4125 -0.9045 -0.1085 -0.7938  0.2985  0.5299 -0.4469  0.3047 -0.8411   -42.485   -36.244   -11.669  
 
 Match found in 1a4s_c00     BETAINE ALDEHYDE DEHYDROGENASE      
   Pattern 1a4s_c00               Query structure     RMSD=  1.21 A  No. of residues =   3
   ------- -------                --------------- 
    A 166    ASN       matches     A 507    ASN  
    A 263    GLU       matches     A 492    GLU  
    A 297    CYH       matches     A 503    CYH  
  TRANSFORM   -0.8720 -0.0672 -0.4848 -0.4516 -0.2717  0.8499 -0.1888  0.9600  0.2066    27.370    15.161     2.737  
 
 Match found in 1nu3_c00     LIMONENE-1,2-EPOXIDE HYDROLASE      
   Pattern 1nu3_c00               Query structure     RMSD=  1.21 A  No. of residues =   3
   ------- -------                --------------- 
    A  99    ARG       matches     A 152    ARG  
    A 101    ASP       matches     A 193    ASP  
    A 132    ASP       matches     A 207    ASP  
  TRANSFORM   -0.5685  0.4803 -0.6679  0.2117 -0.6991 -0.6830 -0.7950 -0.5297  0.2958   -49.572     4.866   -18.100  
 
 Match found in 1n2t_c02     L-CYSTEINE-CYSTINE LYASE C-DES      
   Pattern 1n2t_c02               Query structure     RMSD=  1.21 A  No. of residues =   3
   ------- -------                --------------- 
    A 114    HIS       matches     A 158    HIS  
    A 197    ASP       matches     A 149    ASP  
    A 223    ALA       matches     A 204    ALA  
  TRANSFORM    0.6371  0.3170  0.7026  0.7671 -0.1721 -0.6180 -0.0749  0.9327 -0.3528    50.760    55.705     0.052  
 
 Match found in 1uok_c05     OLIGO-1,6-GLUCOSIDASE               
   Pattern 1uok_c05               Query structure     RMSD=  1.22 A  No. of residues =   3
   ------- -------                --------------- 
      199    ASP       matches     A 416    ASP  
      242    GLU       matches     A 403    GLU  
      329    ASP       matches     A 173    ASP  
  TRANSFORM    0.2257  0.9742 -0.0023  0.0164 -0.0062 -0.9998 -0.9741  0.2256 -0.0174    35.032     5.599   -44.472  
 
 Match found in 1a4s_c03     BETAINE ALDEHYDE DEHYDROGENASE      
   Pattern 1a4s_c03               Query structure     RMSD=  1.22 A  No. of residues =   3
   ------- -------                --------------- 
    D 166    ASN       matches     A 507    ASN  
    D 263    GLU       matches     A 492    GLU  
    D 297    CYH       matches     A 503    CYH  
  TRANSFORM    0.9648  0.2617 -0.0243  0.2627 -0.9580  0.1150  0.0068 -0.1173 -0.9931   -25.179    45.022    68.231  
 
 Match found in 2z3x_d00     DNA BINDING PROTEIN/DNA             
   Pattern 2z3x_d00               Query structure     RMSD=  1.22 A  No. of residues =   3
   ------- -------                --------------- 
    B  34    SER       matches     A 106    SER  
    B  37    ASN       matches     A 109    ASN  
    B  45    THR       matches     A  71    THR  
  TRANSFORM   -0.8734 -0.0471 -0.4847 -0.4540 -0.2809  0.8455 -0.1759  0.9586  0.2240    27.037    15.293     2.537  
 
 Match found in 1nww_c02     LIMONENE-1,2-EPOXIDE HYDROLASE      
   Pattern 1nww_c02               Query structure     RMSD=  1.22 A  No. of residues =   3
   ------- -------                --------------- 
    A  99    ARG       matches     A 152    ARG  
    A 101    ASP       matches     A 193    ASP  
    A 132    ASP       matches     A 207    ASP  
  TRANSFORM    0.1931  0.7589  0.6219  0.5211 -0.6164  0.5904  0.8314  0.2100 -0.5145    25.576    26.711    11.069  
 
 Match found in 1oyg_c00     LEVANSUCRASE                        
