******************************************************* user.XUMS **************************************************************
  TRANSFORM   -0.4141 -0.4669  0.7814 -0.7875 -0.2468 -0.5648  0.4565 -0.8492 -0.2655    63.188    56.331    -8.605  
 
 Match found in 1f6d_c00     UDP-N-ACETYLGLUCOSAMINE 2-EPIMERASE 
   Pattern 1f6d_c00               Query structure     RMSD=  1.23 A  No. of residues =   4
   ------- -------                --------------- 
    A  95    ASP       matches     A 360    ASP  
    A 117    GLU       matches     A 284    GLU  
    A 131    GLU       matches     A 361    GLU  
    A 213    HIS       matches     A 470    HIS  
  TRANSFORM    0.2766  0.7872  0.5511 -0.6934  0.5605 -0.4527 -0.6653 -0.2570  0.7009    35.006    22.677    18.724  
 
 Match found in 1d3g_c01     DIHYDROOROTATE DEHYDROGENASE        
   Pattern 1d3g_c01               Query structure     RMSD=  1.27 A  No. of residues =   4
   ------- -------                --------------- 
    A 149    PHE       matches     A 210    PHE  
    A 215    SER       matches     A 507    SER  
    A 218    THR       matches     A 205    THR  
    A 255    LYS       matches     A 518    LYS  
  TRANSFORM    0.4289  0.4864 -0.7612 -0.7520 -0.2747 -0.5992 -0.5006  0.8294  0.2479    44.087    55.624   105.989  
 
 Match found in 1f6d_c03     UDP-N-ACETYLGLUCOSAMINE 2-EPIMERASE 
   Pattern 1f6d_c03               Query structure     RMSD=  1.32 A  No. of residues =   4
   ------- -------                --------------- 
    D  95    ASP       matches     A 360    ASP  
    D 117    GLU       matches     A 284    GLU  
    D 131    GLU       matches     A 361    GLU  
    D 213    HIS       matches     A 470    HIS  
  TRANSFORM    0.3009 -0.4249  0.8538  0.7769  0.6285  0.0390 -0.5531  0.6515  0.5192    31.853   -89.280  -120.223  
 
 Match found in 1xny_c00     PROPIONYL-COA CARBOXYLASE COMPLEX B 
   Pattern 1xny_c00               Query structure     RMSD=  0.50 A  No. of residues =   3
   ------- -------                --------------- 
    A 183    GLY       matches     A 294    GLY  
    B 419    GLY       matches     A 254    GLY  
    B 420    ALA       matches     A 255    ALA  
  TRANSFORM   -0.4772  0.8320  0.2830  0.6282  0.5481 -0.5522 -0.6145 -0.0858 -0.7842   -23.163    16.222    36.846  
 
 Match found in 1ddj_c15     PLASMINOGEN                         
   Pattern 1ddj_c15               Query structure     RMSD=  0.69 A  No. of residues =   3
   ------- -------                --------------- 
    D 603    HIS       matches     A 290    HIS  
    D 646    ASP       matches     A 236    ASP  
    D 739    GLY       matches     A 311    GLY  
  TRANSFORM   -0.1523 -0.9803  0.1254  0.9819 -0.1646 -0.0941  0.1128  0.1088  0.9876    22.958     8.478    13.106  
 
 Match found in 1nww_c03     LIMONENE-1,2-EPOXIDE HYDROLASE      
   Pattern 1nww_c03               Query structure     RMSD=  0.72 A  No. of residues =   3
   ------- -------                --------------- 
    B  99    ARG       matches     A 217    ARG  
    B 101    ASP       matches     A 516    ASP  
    B 132    ASP       matches     A 512    ASP  
  TRANSFORM    0.1420  0.9829 -0.1173 -0.9684  0.1625  0.1892  0.2050  0.0867  0.9749    -0.042    17.049    12.695  
 
 Match found in 1nww_c02     LIMONENE-1,2-EPOXIDE HYDROLASE      
   Pattern 1nww_c02               Query structure     RMSD=  0.73 A  No. of residues =   3
   ------- -------                --------------- 
    A  99    ARG       matches     A 217    ARG  
    A 101    ASP       matches     A 516    ASP  
    A 132    ASP       matches     A 512    ASP  
  TRANSFORM   -0.1402 -0.9776  0.1570  0.9850 -0.1539 -0.0783  0.1007  0.1436  0.9845    22.944     8.552    12.603  
 
 Match found in 1nu3_c01     LIMONENE-1,2-EPOXIDE HYDROLASE      
   Pattern 1nu3_c01               Query structure     RMSD=  0.76 A  No. of residues =   3
   ------- -------                --------------- 
    B  99    ARG       matches     A 217    ARG  
    B 101    ASP       matches     A 516    ASP  
    B 132    ASP       matches     A 512    ASP  
  TRANSFORM    0.1337  0.9830 -0.1258 -0.9655  0.1578  0.2072  0.2236  0.0937  0.9702     0.080    17.147    12.513  
 
 Match found in 1nu3_c00     LIMONENE-1,2-EPOXIDE HYDROLASE      
   Pattern 1nu3_c00               Query structure     RMSD=  0.79 A  No. of residues =   3
   ------- -------                --------------- 
    A  99    ARG       matches     A 217    ARG  
    A 101    ASP       matches     A 516    ASP  
    A 132    ASP       matches     A 512    ASP  
  TRANSFORM   -0.9632  0.0152  0.2684  0.2074 -0.5929  0.7781  0.1709  0.8052  0.5679    28.528    19.846    -7.327  
 
 Match found in 1uok_c05     OLIGO-1,6-GLUCOSIDASE               
   Pattern 1uok_c05               Query structure     RMSD=  0.82 A  No. of residues =   3
   ------- -------                --------------- 
      199    ASP       matches     A  70    ASP  
      242    GLU       matches     A  90    GLU  
      329    ASP       matches     A 111    ASP  
  TRANSFORM   -0.3347 -0.9330 -0.1321 -0.6008  0.3193 -0.7329  0.7259 -0.1660 -0.6674    11.950    66.654    76.142  
 
 Match found in 2ace_c00     ACETYLCHOLINESTERASE                
   Pattern 2ace_c00               Query structure     RMSD=  0.84 A  No. of residues =   3
   ------- -------                --------------- 
      200    SER       matches     A  98    SER  
      327    GLU       matches     A 163    GLU  
      440    HIS       matches     A 224    HIS  
  TRANSFORM    0.3832 -0.6603  0.6458 -0.6650 -0.6825 -0.3033  0.6410 -0.3133 -0.7007    24.135    63.986    42.114  
 
 Match found in 1ddj_c14     PLASMINOGEN                         
   Pattern 1ddj_c14               Query structure     RMSD=  0.84 A  No. of residues =   3
   ------- -------                --------------- 
    C 603    HIS       matches     A 290    HIS  
    C 646    ASP       matches     A 236    ASP  
    C 739    GLY       matches     A 311    GLY  
  TRANSFORM    0.8697 -0.4718  0.1451  0.2045  0.0769 -0.9758  0.4492  0.8784  0.1633   -23.830   -26.296    17.682  
 
 Match found in 1qrz_c20     PLASMINOGEN                         
   Pattern 1qrz_c20               Query structure     RMSD=  0.85 A  No. of residues =   3
   ------- -------                --------------- 
    A 603    HIS       matches     A 313    HIS  
    A 646    ASP       matches     A 317    ASP  
    A 739    GLY       matches     A 292    GLY  
  TRANSFORM   -0.1642 -0.9847 -0.0583 -0.1454 -0.0343  0.9888 -0.9756  0.1708 -0.1376   -36.307    19.091    56.320  
 
 Match found in 1qrz_c23     PLASMINOGEN                         
   Pattern 1qrz_c23               Query structure     RMSD=  0.85 A  No. of residues =   3
   ------- -------                --------------- 
    D 603    HIS       matches     A 313    HIS  
    D 646    ASP       matches     A 317    ASP  
    D 739    GLY       matches     A 292    GLY  
  TRANSFORM    0.3275 -0.6922  0.6431 -0.6547 -0.6570 -0.3738  0.6813 -0.2986 -0.6684    27.455    63.455   -21.096  
 
 Match found in 1ddj_c12     PLASMINOGEN                         
   Pattern 1ddj_c12               Query structure     RMSD=  0.87 A  No. of residues =   3
   ------- -------                --------------- 
    A 603    HIS       matches     A 290    HIS  
    A 646    ASP       matches     A 236    ASP  
    A 739    GLY       matches     A 311    GLY  
  TRANSFORM    0.7682  0.5615 -0.3075  0.5645 -0.3676  0.7391  0.3019 -0.7414 -0.5993    57.673    63.021    58.377  
 
 Match found in 1f6d_c02     UDP-N-ACETYLGLUCOSAMINE 2-EPIMERASE 
   Pattern 1f6d_c02               Query structure     RMSD=  0.87 A  No. of residues =   3
   ------- -------                --------------- 
    C  95    ASP       matches     A 360    ASP  
    C 117    GLU       matches     A 284    GLU  
    C 131    GLU       matches     A 361    GLU  
  TRANSFORM    0.8713 -0.4820  0.0922  0.1357  0.0560 -0.9892  0.4716  0.8744  0.1141   -52.676   -25.253   -22.125  
 
 Match found in 1qrz_c21     PLASMINOGEN                         
   Pattern 1qrz_c21               Query structure     RMSD=  0.89 A  No. of residues =   3
   ------- -------                --------------- 
    B 603    HIS       matches     A 313    HIS  
    B 646    ASP       matches     A 317    ASP  
    B 739    GLY       matches     A 292    GLY  
  TRANSFORM   -0.9362  0.2820  0.2099 -0.1145 -0.8092  0.5763  0.3324  0.5155  0.7898   122.485    75.017    22.485  
 
 Match found in 1js4_c01     ENDO-EXOCELLULASE E4                
   Pattern 1js4_c01               Query structure     RMSD=  0.92 A  No. of residues =   3
   ------- -------                --------------- 
    B  55    ASP       matches     A 236    ASP  
    B  58    ASP       matches     A 204    ASP  
    B 424    GLU       matches     A 508    GLU  
  TRANSFORM   -0.1695 -0.9793 -0.1106 -0.1825 -0.0790  0.9800 -0.9685  0.1863 -0.1653    16.490    19.830    17.074  
 
 Match found in 1qrz_c22     PLASMINOGEN                         
   Pattern 1qrz_c22               Query structure     RMSD=  0.92 A  No. of residues =   3
   ------- -------                --------------- 
    C 603    HIS       matches     A 313    HIS  
    C 646    ASP       matches     A 317    ASP  
    C 739    GLY       matches     A 292    GLY  
  TRANSFORM    0.7731 -0.5607  0.2967 -0.1987 -0.6582 -0.7261  0.6024  0.5024 -0.6203   -29.662    29.153   -38.426  
 
 Match found in 1ddj_c13     PLASMINOGEN                         
   Pattern 1ddj_c13               Query structure     RMSD=  0.93 A  No. of residues =   3
   ------- -------                --------------- 
    B 603    HIS       matches     A 290    HIS  
    B 646    ASP       matches     A 286    ASP  
    B 739    GLY       matches     A 421    GLY  
  TRANSFORM   -0.8070 -0.1646 -0.5671  0.4633  0.4190 -0.7809  0.3662 -0.8929 -0.2619     4.123    51.294    68.775  
 
 Match found in 1qe3_c00     PARA-NITROBENZYL ESTERASE           
   Pattern 1qe3_c00               Query structure     RMSD=  0.93 A  No. of residues =   3
   ------- -------                --------------- 
    A 189    SER       matches     A  98    SER  
    A 310    GLU       matches     A 163    GLU  
    A 399    HIS       matches     A 224    HIS  
  TRANSFORM    0.6611 -0.2714  0.6995  0.6664 -0.2162 -0.7136  0.3449  0.9379  0.0379   -10.299    47.622    34.217  
 
 Match found in 2jxr_c04     LIGAND CP-081282                    
   Pattern 2jxr_c04               Query structure     RMSD=  0.93 A  No. of residues =   3
   ------- -------                --------------- 
    A  32    ASP       matches     A 236    ASP  
    A  35    SER       matches     A 237    SER  
    A 215    ASP       matches     A 286    ASP  
  TRANSFORM    0.6706 -0.7110  0.2114  0.2325  0.4721  0.8503 -0.7044 -0.5211  0.4819    21.825   108.662    41.799  
 
 Match found in 1grc_c03     GLYCINAMIDE RIBONUCLEOTIDE TRANSFORM
   Pattern 1grc_c03               Query structure     RMSD=  0.93 A  No. of residues =   3
   ------- -------                --------------- 
    B 106    ASN       matches     A 331    ASN  
    B 108    HIS       matches     A 333    HIS  
    B 144    ASP       matches     A 300    ASP  
  TRANSFORM    0.8679 -0.2930  0.4012  0.3895  0.9025 -0.1836 -0.3083  0.3156  0.8974    14.619   -86.152  -118.087  
 
 Match found in 1xny_c00     PROPIONYL-COA CARBOXYLASE COMPLEX B 
   Pattern 1xny_c00               Query structure     RMSD=  0.94 A  No. of residues =   3
   ------- -------                --------------- 
    A 183    GLY       matches     A 294    GLY  
    B 419    GLY       matches     A 254    GLY  
    B 420    ALA       matches     A 251    ALA  
  TRANSFORM   -0.2918  0.8464 -0.4455 -0.5757  0.2166  0.7885  0.7638  0.4866  0.4240     3.340    31.377    67.001  
 
 Match found in 1rne_c04     RENIN (ACTIVATED, GLYCOSYLATED, INHI
   Pattern 1rne_c04               Query structure     RMSD=  0.96 A  No. of residues =   3
   ------- -------                --------------- 
       32    ASP       matches     A 236    ASP  
       35    SER       matches     A 237    SER  
      215    ASP       matches     A 286    ASP  
  TRANSFORM   -0.5661  0.8241  0.0193 -0.6889 -0.4859  0.5380  0.4527  0.2912  0.8427    51.582    10.854    37.628  
 
 Match found in 1ez2_c00     PHOSPHOTRIESTERASE                  
   Pattern 1ez2_c00               Query structure     RMSD=  1.01 A  No. of residues =   3
   ------- -------                --------------- 
    A 233    ASP       matches     A 204    ASP  
    A 254    HIS       matches     A 233    HIS  
    A 301    ASP       matches     A 286    ASP  
  TRANSFORM   -0.5551  0.8284  0.0748  0.6596  0.4932 -0.5672 -0.5067 -0.2655 -0.8202    53.354   -45.746    -1.185  
 
 Match found in 1ez2_c01     PHOSPHOTRIESTERASE                  
   Pattern 1ez2_c01               Query structure     RMSD=  1.01 A  No. of residues =   3
   ------- -------                --------------- 
    B 233    ASP       matches     A 204    ASP  
    B 254    HIS       matches     A 233    HIS  
    B 301    ASP       matches     A 286    ASP  
  TRANSFORM   -0.6076  0.7739 -0.1785  0.7925  0.6057 -0.0713  0.0529 -0.1848 -0.9813    20.885    34.435    -6.374  
 
 Match found in 1cqt_d00     GENE REGULATION/DNA                 
   Pattern 1cqt_d00               Query structure     RMSD=  1.01 A  No. of residues =   3
   ------- -------                --------------- 
    I 303    TYR       matches     A 467    TYR  
    I 306    VAL       matches     A 462    VAL  
    I 308    VAL       matches     A 441    VAL  
  TRANSFORM    0.9052 -0.2195  0.3639  0.3971  0.1318 -0.9083  0.1514  0.9667  0.2064     7.679   -48.849    55.494  
 
 Match found in 1cns_c01     CHITINASE                           
   Pattern 1cns_c01               Query structure     RMSD=  1.02 A  No. of residues =   3
   ------- -------                --------------- 
    B  67    GLU       matches     A 386    GLU  
    B  89    GLU       matches     A 391    GLU  
    B 120    SER       matches     A 383    SER  
  TRANSFORM   -0.6837  0.2040  0.7007  0.0738  0.9746 -0.2116 -0.7261 -0.0929 -0.6813    32.790    52.461    55.844  
 
 Match found in 1ddj_c14     PLASMINOGEN                         
   Pattern 1ddj_c14               Query structure     RMSD=  1.02 A  No. of residues =   3
   ------- -------                --------------- 
    C 603    HIS       matches     A 290    HIS  
    C 646    ASP       matches     A 286    ASP  
    C 739    GLY       matches     A 421    GLY  
  TRANSFORM   -0.8832  0.3983  0.2475 -0.0813 -0.6499  0.7556  0.4618  0.6473  0.6064    55.844   -86.794  -138.023  
 
 Match found in 1xny_c01     PROPIONYL-COA CARBOXYLASE COMPLEX B 
   Pattern 1xny_c01               Query structure     RMSD=  1.02 A  No. of residues =   3
   ------- -------                --------------- 
    A 420    ALA       matches     A 291    ALA  
    B 182    GLY       matches     A 254    GLY  
    B 183    GLY       matches     A 294    GLY  
  TRANSFORM   -0.8525  0.2070 -0.4800 -0.5122 -0.5140  0.6881 -0.1043  0.8325  0.5442     3.128    18.521   -28.257  
 
 Match found in 1mro_c00     METHYL-COENZYME M REDUCTASE         
   Pattern 1mro_c00               Query structure     RMSD=  1.03 A  No. of residues =   3
   ------- -------                --------------- 
    A 465    GLY       matches     A 223    GLY  
    A 501    ASP       matches     A 469    ASP  
    B 367    TYR       matches     A  11    TYR  
  TRANSFORM    0.1363 -0.9304  0.3403  0.6195 -0.1880 -0.7621  0.7731  0.3147  0.5508    67.326    33.445    17.091  
 
 Match found in 1js4_c00     ENDO-EXOCELLULASE E4                
   Pattern 1js4_c00               Query structure     RMSD=  1.03 A  No. of residues =   3
   ------- -------                --------------- 
    A  55    ASP       matches     A 236    ASP  
    A  58    ASP       matches     A 204    ASP  
    A 424    GLU       matches     A 508    GLU  
  TRANSFORM   -0.1396  0.5665 -0.8121  0.9875  0.1400 -0.0722  0.0728 -0.8121 -0.5790    26.001    65.901   -37.782  
 
 Match found in 1mro_c01     METHYL-COENZYME M REDUCTASE         
   Pattern 1mro_c01               Query structure     RMSD=  1.03 A  No. of residues =   3
   ------- -------                --------------- 
    D 465    GLY       matches     A 223    GLY  
    D 501    ASP       matches     A 469    ASP  
    E 367    TYR       matches     A  11    TYR  
  TRANSFORM   -0.2613  0.8873  0.3800  0.5888  0.4585 -0.6656 -0.7648  0.0498 -0.6423   -22.504    18.139   -23.508  
 
 Match found in 1ddj_c13     PLASMINOGEN                         
   Pattern 1ddj_c13               Query structure     RMSD=  1.04 A  No. of residues =   3
   ------- -------                --------------- 
    B 603    HIS       matches     A 290    HIS  
    B 646    ASP       matches     A 236    ASP  
    B 739    GLY       matches     A 311    GLY  
  TRANSFORM   -0.6615  0.2631  0.7023  0.0781  0.9555 -0.2844 -0.7459 -0.1333 -0.6526    35.076    52.129    -6.639  
 
 Match found in 1ddj_c12     PLASMINOGEN                         
   Pattern 1ddj_c12               Query structure     RMSD=  1.04 A  No. of residues =   3
   ------- -------                --------------- 
    A 603    HIS       matches     A 290    HIS  
    A 646    ASP       matches     A 286    ASP  
    A 739    GLY       matches     A 421    GLY  
  TRANSFORM   -0.0097 -0.7549  0.6557  0.9729  0.1443  0.1805 -0.2309  0.6397  0.7331   -10.205    -5.380   -18.825  
 
 Match found in 1be1_c02     GLUTAMATE MUTASE                    
   Pattern 1be1_c02               Query structure     RMSD=  1.04 A  No. of residues =   3
   ------- -------                --------------- 
       14    ASP       matches     A 220    ASP  
       16    HIS       matches     A 224    HIS  
       67    GLY       matches     A  84    GLY  
  TRANSFORM    0.6282  0.7484 -0.2128 -0.1243 -0.1734 -0.9770 -0.7680  0.6402 -0.0160   -18.243    40.592    90.358  
 
 Match found in 2z3x_d00     DNA BINDING PROTEIN/DNA             
   Pattern 2z3x_d00               Query structure     RMSD=  1.04 A  No. of residues =   3
   ------- -------                --------------- 
    B  34    SER       matches     A 413    SER  
    B  37    ASN       matches     A 412    ASN  
    B  45    THR       matches     A 131    THR  
  TRANSFORM   -0.3321  0.4196  0.8448 -0.6774  0.5172 -0.5231 -0.6564 -0.7459  0.1125    58.140    19.035    21.994  
 
 Match found in 1eag_c04     PEPTIDE INHIBITOR                   
   Pattern 1eag_c04               Query structure     RMSD=  1.04 A  No. of residues =   3
   ------- -------                --------------- 
    A  32    ASP       matches     A 236    ASP  
    A  35    SER       matches     A 237    SER  
    A 218    ASP       matches     A 286    ASP  
  TRANSFORM    0.9478 -0.2729  0.1646  0.0659 -0.3376 -0.9390  0.3119  0.9008 -0.3021     5.501    20.722    74.426  
 
 Match found in 1m53_c06     ISOMALTULOSE SYNTHASE               
   Pattern 1m53_c06               Query structure     RMSD=  1.05 A  No. of residues =   3
   ------- -------                --------------- 
    A 241    ASP       matches     A 360    ASP  
    A 279    GLU       matches     A 429    GLU  
    A 369    ASP       matches     A 236    ASP  
  TRANSFORM    0.6873  0.0578 -0.7241 -0.0732  0.9973  0.0101  0.7227  0.0461  0.6896    80.654    46.524   155.955  
 
 Match found in 1bfd_c00     BENZOYLFORMATE DECARBOXYLASE        
   Pattern 1bfd_c00               Query structure     RMSD=  1.05 A  No. of residues =   3
   ------- -------                --------------- 
       28    GLU       matches     A 163    GLU  
       70    HIS       matches     A 224    HIS  
      281    HIS       matches     A 397    HIS  
  TRANSFORM    0.2900  0.9367 -0.1960  0.8078 -0.1298  0.5750  0.5132 -0.3251 -0.7943    14.218    12.961     4.082  
 
 Match found in 1apt_c04     ISOVALERYL (IVA)-VAL-VAL-LYSTA-O-ET 
   Pattern 1apt_c04               Query structure     RMSD=  1.06 A  No. of residues =   3
   ------- -------                --------------- 
    E  33    ASP       matches     A 236    ASP  
    E  36    SER       matches     A 237    SER  
    E 213    ASP       matches     A 286    ASP  
  TRANSFORM    0.0079 -0.9987 -0.0495  0.3066  0.0496 -0.9505  0.9518 -0.0076  0.3067    30.011    45.915   -29.547  
 
 Match found in 1mro_c01     METHYL-COENZYME M REDUCTASE         
   Pattern 1mro_c01               Query structure     RMSD=  1.06 A  No. of residues =   3
   ------- -------                --------------- 
    D 465    GLY       matches     A 471    GLY  
    D 501    ASP       matches     A 447    ASP  
    E 367    TYR       matches     A 543    TYR  
  TRANSFORM    0.4079 -0.5413 -0.7353 -0.8573  0.0500 -0.5124  0.3141  0.8394 -0.4437    20.004    31.684    72.288  
 
 Match found in 1m53_c06     ISOMALTULOSE SYNTHASE               
   Pattern 1m53_c06               Query structure     RMSD=  1.08 A  No. of residues =   3
   ------- -------                --------------- 
    A 241    ASP       matches     A 516    ASP  
    A 279    GLU       matches     A 528    GLU  
    A 369    ASP       matches     A 512    ASP  
  TRANSFORM    0.5575 -0.0411  0.8292 -0.4348 -0.8653  0.2494  0.7073 -0.4995 -0.5002    -4.781    16.633   -12.215  
 
 Match found in 2tdt_c00     TETRAHYDRODIPICOLINATE N-SUCCINYLTRA
   Pattern 2tdt_c00               Query structure     RMSD=  1.08 A  No. of residues =   3
   ------- -------                --------------- 
      141    ASP       matches     A 344    ASP  
      166    GLY       matches     A 358    GLY  
      169    GLU       matches     A 361    GLU  
  TRANSFORM   -0.0286  0.8129  0.5817 -0.3963 -0.5435  0.7400  0.9177 -0.2094  0.3377    34.712     2.434     8.283  
 
 Match found in 1thg_c00     LIPASE (E.C.3.1.1.3) TRIACYLGLYCEROL
   Pattern 1thg_c00               Query structure     RMSD=  1.08 A  No. of residues =   3
   ------- -------                --------------- 
      217    SER       matches     A  98    SER  
      354    GLU       matches     A 163    GLU  
      463    HIS       matches     A 224    HIS  
  TRANSFORM    0.0879  0.5615 -0.8228 -0.0682  0.8275  0.5574  0.9938  0.0071  0.1110   -11.884    14.607   129.697  
 
 Match found in 1pjh_c02     ENOYL-COA ISOMERASE; ECI1P          
   Pattern 1pjh_c02               Query structure     RMSD=  1.09 A  No. of residues =   3
   ------- -------                --------------- 
    C  70    ALA       matches     A 388    ALA  
    C 126    LEU       matches     A 392    LEU  
    C 158    GLU       matches     A 395    GLU  
  TRANSFORM   -0.2359  0.9365 -0.2595  0.9447  0.2836  0.1646  0.2277 -0.2063 -0.9516    -1.719    23.320    18.484  
 
 Match found in 2tdt_c00     TETRAHYDRODIPICOLINATE N-SUCCINYLTRA
   Pattern 2tdt_c00               Query structure     RMSD=  1.09 A  No. of residues =   3
   ------- -------                --------------- 
      141    ASP       matches     A  38    ASP  
      166    GLY       matches     A 161    GLY  
      169    GLU       matches     A 136    GLU  
  TRANSFORM   -0.0816  0.4381  0.8952  0.0259 -0.8970  0.4413  0.9963  0.0592  0.0619    -7.746     7.501   129.961  
 
 Match found in 1pjh_c01     ENOYL-COA ISOMERASE; ECI1P          
   Pattern 1pjh_c01               Query structure     RMSD=  1.09 A  No. of residues =   3
   ------- -------                --------------- 
    B  70    ALA       matches     A 388    ALA  
    B 126    LEU       matches     A 392    LEU  
    B 158    GLU       matches     A 395    GLU  
  TRANSFORM    0.6455 -0.6082 -0.4620  0.6695  0.1595  0.7255 -0.3675 -0.7776  0.5102    17.337    37.366    73.533  
 
 Match found in 1aj8_c00     CITRATE SYNTHASE                    
   Pattern 1aj8_c00               Query structure     RMSD=  1.09 A  No. of residues =   3
   ------- -------                --------------- 
    A 223    HIS       matches     A 356    HIS  
    A 262    HIS       matches     A 397    HIS  
    A 312    ASP       matches     A 286    ASP  
  TRANSFORM    0.2045 -0.1882  0.9606 -0.0817 -0.9812 -0.1748  0.9754 -0.0427 -0.2161    13.254    58.485   120.179  
 
 Match found in 2v3r_p00     EXOGLUCANASE 1                      
   Pattern 2v3r_p00               Query structure     RMSD=  1.09 A  No. of residues =   3
   ------- -------                --------------- 
    A 270    ASN       matches     A 160    ASN  
    A 384    ASN       matches     A 568    ASN  
    A 385    GLU       matches     A 550    GLU  
  TRANSFORM   -0.8760 -0.2971  0.3800 -0.4059  0.0283 -0.9135  0.2606 -0.9544 -0.1454   -32.121   -32.814     2.737  
 
 Match found in 1cwy_c00     AMYLOMALTASE                        
   Pattern 1cwy_c00               Query structure     RMSD=  1.09 A  No. of residues =   3
   ------- -------                --------------- 
    A 293    ASP       matches     A 286    ASP  
    A 340    GLU       matches     A 284    GLU  
    A 395    ASP       matches     A 204    ASP  
  TRANSFORM    0.4817 -0.8677  0.1225 -0.4809 -0.3786 -0.7908  0.7326  0.3221 -0.5996    16.966    25.160    81.580  
 
 Match found in 1aj8_c01     CITRATE SYNTHASE                    
   Pattern 1aj8_c01               Query structure     RMSD=  1.10 A  No. of residues =   3
   ------- -------                --------------- 
    B 223    HIS       matches     A 356    HIS  
    B 262    HIS       matches     A 397    HIS  
    B 312    ASP       matches     A 286    ASP  
  TRANSFORM    0.5394  0.5713 -0.6186 -0.5587  0.7925  0.2447  0.6301  0.2136  0.7466     4.200     7.415     3.985  
 
 Match found in 1al6_c00     CITRATE SYNTHASE                    
   Pattern 1al6_c00               Query structure     RMSD=  1.10 A  No. of residues =   3
   ------- -------                --------------- 
      274    HIS       matches     A 356    HIS  
      320    HIS       matches     A 397    HIS  
      375    ASP       matches     A 286    ASP  
  TRANSFORM   -0.1880 -0.6643  0.7234 -0.2160  0.7465  0.6293 -0.9581 -0.0379 -0.2839    21.588    27.788   -35.788  
 
 Match found in 1mro_c00     METHYL-COENZYME M REDUCTASE         
   Pattern 1mro_c00               Query structure     RMSD=  1.10 A  No. of residues =   3
   ------- -------                --------------- 
    A 465    GLY       matches     A 471    GLY  
    A 501    ASP       matches     A 447    ASP  
    B 367    TYR       matches     A 543    TYR  
  TRANSFORM    0.1019 -0.9930 -0.0603  0.1401  0.0744 -0.9873  0.9849  0.0922  0.1467   -16.384     7.147   130.392  
 
 Match found in 1pjh_c00     ENOYL-COA ISOMERASE; ECI1P          
   Pattern 1pjh_c00               Query structure     RMSD=  1.10 A  No. of residues =   3
   ------- -------                --------------- 
    A  70    ALA       matches     A 388    ALA  
    A 126    LEU       matches     A 392    LEU  
    A 158    GLU       matches     A 395    GLU  
  TRANSFORM   -0.5989  0.2029 -0.7746  0.7824  0.3543 -0.5121  0.1705 -0.9128 -0.3710    46.617    43.364    19.330  
 
 Match found in 1sme_c04     PLASMEPSIN II                       
   Pattern 1sme_c04               Query structure     RMSD=  1.11 A  No. of residues =   3
   ------- -------                --------------- 
    A  34    ASP       matches     A 236    ASP  
    A  37    SER       matches     A 237    SER  
    A 214    ASP       matches     A 286    ASP  
  TRANSFORM    0.5914 -0.6048 -0.5333 -0.5455  0.1870 -0.8170  0.5939  0.7741 -0.2193    42.550   -37.040    -8.024  
 
 Match found in 1ez2_c01     PHOSPHOTRIESTERASE                  
   Pattern 1ez2_c01               Query structure     RMSD=  1.11 A  No. of residues =   3
   ------- -------                --------------- 
    B 233    ASP       matches     A 286    ASP  
    B 254    HIS       matches     A 233    HIS  
    B 301    ASP       matches     A 204    ASP  
  TRANSFORM    0.7174 -0.1526 -0.6798  0.5263  0.7580  0.3853  0.4565 -0.6342  0.6240     1.436     7.218    15.681  
 
 Match found in 2tdt_c00     TETRAHYDRODIPICOLINATE N-SUCCINYLTRA
   Pattern 2tdt_c00               Query structure     RMSD=  1.12 A  No. of residues =   3
   ------- -------                --------------- 
      141    ASP       matches     A 469    ASP  
      166    GLY       matches     A 558    GLY  
      169    GLU       matches     A 550    GLU  
  TRANSFORM   -0.0182 -0.9349 -0.3544 -0.4132  0.3298 -0.8488  0.9105  0.1309 -0.3923   121.144    30.633     7.860  
 
 Match found in 2isd_c00     PHOSPHOINOSITIDE-SPECIFIC PHOSPHOLIP
   Pattern 2isd_c00               Query structure     RMSD=  1.12 A  No. of residues =   3
   ------- -------                --------------- 
    A 311    HIS       matches     A 233    HIS  
    A 341    GLU       matches     A 284    GLU  
    A 356    HIS       matches     A 290    HIS  
  TRANSFORM   -0.2367 -0.0178  0.9714 -0.6730  0.7241 -0.1507 -0.7007 -0.6895 -0.1834    22.016    28.868    32.886  
 
 Match found in 1ds2_c02     PROTEINASE B (SGPB                  
   Pattern 1ds2_c02               Query structure     RMSD=  1.13 A  No. of residues =   3
   ------- -------                --------------- 
    E  57    HIS       matches     A 233    HIS  
    E 102    ASP       matches     A 204    ASP  
    E 193    GLY       matches     A 359    GLY  
  TRANSFORM   -0.1307 -0.5123  0.8488  0.7064 -0.6488 -0.2829  0.6956  0.5626  0.4467   147.446    54.159    69.496  
 
 Match found in 3qwd_o08     ATP-DEPENDENT CLP PROTEASE PROTEOLYT
   Pattern 3qwd_o08               Query structure     RMSD=  1.13 A  No. of residues =   3
   ------- -------                --------------- 
    I  98    SER       matches     A 237    SER  
    I 123    HIS       matches     A 290    HIS  
    I 172    ASP       matches     A 360    ASP  
  TRANSFORM    0.0053  0.7029 -0.7112 -0.3274  0.6733  0.6629  0.9449  0.2294  0.2338    29.976    39.028    30.799  
 
 Match found in 3qwd_o00     ATP-DEPENDENT CLP PROTEASE PROTEOLYT
   Pattern 3qwd_o00               Query structure     RMSD=  1.13 A  No. of residues =   3
   ------- -------                --------------- 
    A  98    SER       matches     A 237    SER  
    A 123    HIS       matches     A 290    HIS  
    A 172    ASP       matches     A 360    ASP  
  TRANSFORM    0.0053  0.7029 -0.7112 -0.3274  0.6733  0.6629  0.9449  0.2294  0.2338    29.976    39.028    30.799  
 
 Match found in 3qwd_o00     ATP-DEPENDENT CLP PROTEASE PROTEOLYT
   Pattern 3qwd_o00               Query structure     RMSD=  1.13 A  No. of residues =   3
   ------- -------                --------------- 
    A  98    SER       matches     A 237    SER  
    A 123    HIS       matches     A 290    HIS  
    A 172    ASP       matches     A 360    ASP  
  TRANSFORM    0.6110 -0.5587 -0.5608  0.5786 -0.1684  0.7981 -0.5403 -0.8121  0.2204    40.627     1.687    43.566  
 
 Match found in 1ez2_c00     PHOSPHOTRIESTERASE                  
   Pattern 1ez2_c00               Query structure     RMSD=  1.13 A  No. of residues =   3
   ------- -------                --------------- 
    A 233    ASP       matches     A 286    ASP  
    A 254    HIS       matches     A 233    HIS  
    A 301    ASP       matches     A 204    ASP  
  TRANSFORM   -0.7562 -0.5691 -0.3229 -0.3326  0.7593 -0.5592  0.5634 -0.3155 -0.7635    46.487    21.265    26.460  
 
 Match found in 1opm_c00    	 1.14.17.0003                       
   Pattern 1opm_c00               Query structure     RMSD=  1.13 A  No. of residues =   3
   ------- -------                --------------- 
    A 108    HIS       matches     A 238    HIS  
    A 170    GLN       matches     A 321    GLN  
    A 242    HIS       matches     A 233    HIS  
  TRANSFORM   -0.2436 -0.4038  0.8818  0.6760 -0.7226 -0.1442  0.6954  0.5610  0.4491    56.675    83.217    19.632  
 
 Match found in 3qwd_o04     ATP-DEPENDENT CLP PROTEASE PROTEOLYT
   Pattern 3qwd_o04               Query structure     RMSD=  1.14 A  No. of residues =   3
   ------- -------                --------------- 
    E  98    SER       matches     A 237    SER  
    E 123    HIS       matches     A 290    HIS  
    E 172    ASP       matches     A 360    ASP  
  TRANSFORM   -0.7177 -0.0961 -0.6897 -0.6359  0.4942  0.5928  0.2838  0.8640 -0.4158    18.802    14.359    12.402  
 
 Match found in 1pyl_c00     RIBONUCLEASE                        
   Pattern 1pyl_c00               Query structure     RMSD=  1.14 A  No. of residues =   3
   ------- -------                --------------- 
    A  56    GLU       matches     A 284    GLU  
    A  67    ARG       matches     A 207    ARG  
    A  86    HIS       matches     A 290    HIS  
  TRANSFORM   -0.5027 -0.8094 -0.3034  0.4647  0.0429 -0.8844  0.7289 -0.5856  0.3546    48.618    33.398    51.738  
 
 Match found in 1a0j_c13     TRYPSIN                             
   Pattern 1a0j_c13               Query structure     RMSD=  1.14 A  No. of residues =   3
   ------- -------                --------------- 
    B  57    HIS       matches     A 233    HIS  
    B 102    ASP       matches     A 204    ASP  
    B 193    GLY       matches     A 359    GLY  
  TRANSFORM   -0.5151  0.3056  0.8008 -0.8564 -0.2208 -0.4667  0.0342 -0.9262  0.3754    31.341    22.081   -11.747  
 
 Match found in 1rgq_c01     NS4A PEPTIDE                        
   Pattern 1rgq_c01               Query structure     RMSD=  1.14 A  No. of residues =   3
   ------- -------                --------------- 
    B  60    HIS       matches     A 233    HIS  
    B  84    ASP       matches     A 204    ASP  
    B 140    GLY       matches     A 359    GLY  
  TRANSFORM    0.3256 -0.9196 -0.2196  0.9452  0.3221  0.0525  0.0225 -0.2247  0.9742     8.597    -4.034    95.857  
 
 Match found in 1cb7_c06     GLUTAMATE MUTASE                    
   Pattern 1cb7_c06               Query structure     RMSD=  1.14 A  No. of residues =   3
   ------- -------                --------------- 
    A  14    ASP       matches     A 464    ASP  
    A  16    HIS       matches     A 470    HIS  
    A  67    GLY       matches     A 444    GLY  
  TRANSFORM    0.5036 -0.7457 -0.4364  0.3285  0.6324 -0.7015  0.7991  0.2099  0.5634    72.408    45.035    29.556  
 
 Match found in 3qwd_o02     ATP-DEPENDENT CLP PROTEASE PROTEOLYT
   Pattern 3qwd_o02               Query structure     RMSD=  1.14 A  No. of residues =   3
   ------- -------                --------------- 
    C  98    SER       matches     A 237    SER  
    C 123    HIS       matches     A 290    HIS  
    C 172    ASP       matches     A 360    ASP  
  TRANSFORM   -0.3528 -0.1207  0.9279  0.3394  0.9076  0.2471 -0.8720  0.4021 -0.2792   -14.777    -3.009    48.378  
 
 Match found in 1wbf_p00     PROTEIN (AGGLUTININ)                
   Pattern 1wbf_p00               Query structure     RMSD=  1.14 A  No. of residues =   3
   ------- -------                --------------- 
    A  44    ASN       matches     A 126    ASN  
    A 213    PRO       matches     A 350    PRO  
    A 219    ASN       matches     A 412    ASN  
  TRANSFORM    0.5530 -0.8027  0.2235 -0.3691 -0.4764 -0.7980  0.7470  0.3588 -0.5597    48.539    22.707   117.150  
 
 Match found in 1b01_d00     GENE REGULATION/DNA                 
   Pattern 1b01_d00               Query structure     RMSD=  1.15 A  No. of residues =   3
   ------- -------                --------------- 
    B   4    ARG       matches     A 166    ARG  
    B   6    THR       matches     A 170    THR  
    B   8    THR       matches     A 181    THR  
  TRANSFORM    0.3693  0.8025 -0.4685  0.4435  0.2908  0.8478  0.8166 -0.5209 -0.2485   -48.349    28.571    37.588  
 
 Match found in 1qol_c01     PROTEASE (NONSTRUCTURAL PROTEIN P20A
   Pattern 1qol_c01               Query structure     RMSD=  1.15 A  No. of residues =   3
   ------- -------                --------------- 
    B  51    ALA       matches     A 289    ALA  
    B 148    HIS       matches     A 290    HIS  
    B 163    ASP       matches     A 360    ASP  
  TRANSFORM    0.3782  0.1433 -0.9146 -0.1776  0.9808  0.0802  0.9085  0.1321  0.3964   134.236     4.313    82.808  
 
 Match found in 3qwd_o12     ATP-DEPENDENT CLP PROTEASE PROTEOLYT
   Pattern 3qwd_o12               Query structure     RMSD=  1.15 A  No. of residues =   3
   ------- -------                --------------- 
    M  98    SER       matches     A 237    SER  
    M 123    HIS       matches     A 290    HIS  
    M 172    ASP       matches     A 360    ASP  
  TRANSFORM   -0.4820  0.2703  0.8334  0.4013 -0.7775  0.4842  0.7789  0.5678  0.2663   123.821    55.098    70.037  
 
 Match found in 3qwd_o09     ATP-DEPENDENT CLP PROTEASE PROTEOLYT
   Pattern 3qwd_o09               Query structure     RMSD=  1.15 A  No. of residues =   3
   ------- -------                --------------- 
    J  98    SER       matches     A 237    SER  
    J 123    HIS       matches     A 290    HIS  
    J 172    ASP       matches     A 360    ASP  
  TRANSFORM   -0.0650  0.8035 -0.5917 -0.3231  0.5441  0.7743  0.9441  0.2415  0.2242   112.858    15.034    80.693  
 
 Match found in 3qwd_o11     ATP-DEPENDENT CLP PROTEASE PROTEOLYT
   Pattern 3qwd_o11               Query structure     RMSD=  1.15 A  No. of residues =   3
   ------- -------                --------------- 
    L  98    SER       matches     A 237    SER  
    L 123    HIS       matches     A 290    HIS  
    L 172    ASP       matches     A 360    ASP  
  TRANSFORM    0.5546 -0.6171 -0.5583  0.2211  0.7560 -0.6161  0.8022  0.2182  0.5557   155.694    13.986    79.729  
 
 Match found in 3qwd_o13     ATP-DEPENDENT CLP PROTEASE PROTEOLYT
   Pattern 3qwd_o13               Query structure     RMSD=  1.15 A  No. of residues =   3
   ------- -------                --------------- 
    N  98    SER       matches     A 237    SER  
    N 123    HIS       matches     A 290    HIS  
    N 172    ASP       matches     A 360    ASP  
  TRANSFORM   -0.9660 -0.1693 -0.1953 -0.2320  0.2346  0.9440 -0.1140  0.9572 -0.2659    55.755    47.390    38.359  
 
 Match found in 1dco_c00     DCOH                                
   Pattern 1dco_c00               Query structure     RMSD=  1.15 A  No. of residues =   3
   ------- -------                --------------- 
    A  62    HIS       matches     A 233    HIS  
    A  63    HIS       matches     A 356    HIS  
    A  89    ASP       matches     A 236    ASP  
  TRANSFORM    0.3130 -0.9213  0.2306  0.6198  0.0141 -0.7846  0.7197  0.3885  0.5755   162.076    36.112    73.849  
 
 Match found in 3qwd_o07     ATP-DEPENDENT CLP PROTEASE PROTEOLYT
   Pattern 3qwd_o07               Query structure     RMSD=  1.16 A  No. of residues =   3
   ------- -------                --------------- 
    H  98    SER       matches     A 237    SER  
    H 123    HIS       matches     A 290    HIS  
    H 172    ASP       matches     A 360    ASP  
  TRANSFORM    0.5979  0.5735  0.5600  0.5294 -0.8071  0.2613  0.6018  0.1402 -0.7862    -9.627   -12.549    11.870  
 
 Match found in 1qrz_c20     PLASMINOGEN                         
   Pattern 1qrz_c20               Query structure     RMSD=  1.16 A  No. of residues =   3
   ------- -------                --------------- 
    A 603    HIS       matches     A 431    HIS  
    A 646    ASP       matches     A 433    ASP  
    A 739    GLY       matches     A 359    GLY  
  TRANSFORM   -0.8860 -0.1591  0.4355  0.4582 -0.4440  0.7700  0.0708  0.8818  0.4663    29.917    25.467    76.063  
 
 Match found in 1m53_c05     ISOMALTULOSE SYNTHASE               
   Pattern 1m53_c05               Query structure     RMSD=  1.16 A  No. of residues =   3
   ------- -------                --------------- 
    A 241    ASP       matches     A 344    ASP  
    A 265    GLU       matches     A 284    GLU  
    A 369    ASP       matches     A 243    ASP  
