******************************************************* user.XUMS **************************************************************
  TRANSFORM   -0.6868  0.5774 -0.4414 -0.3520 -0.7956 -0.4931 -0.6359 -0.1833  0.7497     9.502    15.864    49.753  
 
 Match found in 1bqp_p00     PROTEIN (LECTIN)                    
   Pattern 1bqp_p00               Query structure     RMSD=  1.42 A  No. of residues =   4
   ------- -------                --------------- 
    A  80    ALA       matches     A 434    ALA  
    A  81    ASP       matches     A 435    ASP  
    A  99    GLY       matches     A 424    GLY  
    A 125    ASN       matches     A 383    ASN  
  TRANSFORM   -0.6120 -0.3520  0.7082  0.0439 -0.9092 -0.4140  0.7896 -0.2223  0.5719    25.729   -11.348    -4.461  
 
 Match found in 1mhl_c00     MYELOPEROXIDASE                     
   Pattern 1mhl_c00               Query structure     RMSD=  0.32 A  No. of residues =   3
   ------- -------                --------------- 
    A  91    GLN       matches     A 113    GLN  
    A  95    HIS       matches     A 117    HIS  
    C 239    ARG       matches     A 257    ARG  
  TRANSFORM    0.0825 -0.3621 -0.9285 -0.9606 -0.2771  0.0227 -0.2655  0.8900 -0.3707    26.099    10.836    35.482  
 
 Match found in 1mhl_c01     MYELOPEROXIDASE                     
   Pattern 1mhl_c01               Query structure     RMSD=  0.36 A  No. of residues =   3
   ------- -------                --------------- 
    B  91    GLN       matches     A 113    GLN  
    B  95    HIS       matches     A 117    HIS  
    D 239    ARG       matches     A 257    ARG  
  TRANSFORM   -0.2694 -0.5629 -0.7814 -0.9461  0.0031  0.3239 -0.1799  0.8265 -0.5334    35.457   -91.922  -126.277  
 
 Match found in 1xny_c01     PROPIONYL-COA CARBOXYLASE COMPLEX B 
   Pattern 1xny_c01               Query structure     RMSD=  0.58 A  No. of residues =   3
   ------- -------                --------------- 
    A 420    ALA       matches     A 348    ALA  
    B 182    GLY       matches     A 354    GLY  
    B 183    GLY       matches     A 353    GLY  
  TRANSFORM   -0.7311 -0.3262  0.5993  0.6038  0.0997  0.7909 -0.3177  0.9400  0.1241    14.041    27.671   -15.921  
 
 Match found in 1mro_c00     METHYL-COENZYME M REDUCTASE         
   Pattern 1mro_c00               Query structure     RMSD=  0.73 A  No. of residues =   3
   ------- -------                --------------- 
    A 465    GLY       matches     A 354    GLY  
    A 501    ASP       matches     A 507    ASP  
    B 367    TYR       matches     A 202    TYR  
  TRANSFORM   -0.9418 -0.2402 -0.2350  0.1984  0.1671 -0.9658  0.2713 -0.9562 -0.1097    26.257    51.349   -49.747  
 
 Match found in 1mro_c01     METHYL-COENZYME M REDUCTASE         
   Pattern 1mro_c01               Query structure     RMSD=  0.77 A  No. of residues =   3
   ------- -------                --------------- 
    D 465    GLY       matches     A 354    GLY  
    D 501    ASP       matches     A 507    ASP  
    E 367    TYR       matches     A 202    TYR  
  TRANSFORM   -0.8725  0.4865 -0.0463 -0.1433 -0.1640  0.9760  0.4672  0.8582  0.2128    35.121  -112.412  -134.551  
 
 Match found in 1xny_c01     PROPIONYL-COA CARBOXYLASE COMPLEX B 
   Pattern 1xny_c01               Query structure     RMSD=  0.77 A  No. of residues =   3
   ------- -------                --------------- 
    A 420    ALA       matches     A 198    ALA  
    B 182    GLY       matches     A 253    GLY  
    B 183    GLY       matches     A 254    GLY  
  TRANSFORM    0.8234  0.5574 -0.1065  0.1708 -0.0645  0.9832  0.5411 -0.8277 -0.1483    94.182    64.387    -4.984  
 
 Match found in 1xva_c03     GLYCINE N-METHYLTRANSFERASE         
   Pattern 1xva_c03               Query structure     RMSD=  0.78 A  No. of residues =   3
   ------- -------                --------------- 
    B 137    GLY       matches     A 354    GLY  
    B 175    ARG       matches     A 445    ARG  
    B 242    TYR       matches     A  54    TYR  
  TRANSFORM    0.8792  0.2702  0.3923 -0.1616  0.9439 -0.2881 -0.4481  0.1899  0.8736   -30.080    28.840    50.515  
 
 Match found in 1ddj_c15     PLASMINOGEN                         
   Pattern 1ddj_c15               Query structure     RMSD=  0.80 A  No. of residues =   3
   ------- -------                --------------- 
    D 603    HIS       matches     A 360    HIS  
    D 646    ASP       matches     A 442    ASP  
    D 739    GLY       matches     A 424    GLY  
  TRANSFORM   -0.1311  0.9554 -0.2645  0.8971  0.0007 -0.4419 -0.4220 -0.2952 -0.8572    39.236   -95.733  -115.199  
 
 Match found in 1xny_c01     PROPIONYL-COA CARBOXYLASE COMPLEX B 
   Pattern 1xny_c01               Query structure     RMSD=  0.81 A  No. of residues =   3
   ------- -------                --------------- 
    A 420    ALA       matches     A 207    ALA  
    B 182    GLY       matches     A 254    GLY  
    B 183    GLY       matches     A 203    GLY  
  TRANSFORM   -0.5178  0.7696  0.3737  0.8553  0.4558  0.2463  0.0192  0.4472 -0.8942    28.838  -106.376  -120.406  
 
 Match found in 1xny_c01     PROPIONYL-COA CARBOXYLASE COMPLEX B 
   Pattern 1xny_c01               Query structure     RMSD=  0.82 A  No. of residues =   3
   ------- -------                --------------- 
    A 420    ALA       matches     A 209    ALA  
    B 182    GLY       matches     A 253    GLY  
    B 183    GLY       matches     A 254    GLY  
  TRANSFORM   -0.3138  0.8675  0.3860 -0.0420 -0.4188  0.9071  0.9486  0.2684  0.1678    -4.472     1.998    37.355  
 
 Match found in 1inp_c02     INOSITOL POLYPHOSPHATE 1-PHOSPHATASE
   Pattern 1inp_c02               Query structure     RMSD=  0.83 A  No. of residues =   3
   ------- -------                --------------- 
       54    ASP       matches     A 118    ASP  
      158    THR       matches     A 193    THR  
      317    ASP       matches     A 530    ASP  
  TRANSFORM    0.8258  0.3311  0.4566 -0.4667  0.8557  0.2236 -0.3166 -0.3978  0.8611   -27.543    34.938    65.288  
 
 Match found in 2r11_o00     CARBOXYLESTERASE NP                 
   Pattern 2r11_o00               Query structure     RMSD=  0.85 A  No. of residues =   3
   ------- -------                --------------- 
    A 130    SER       matches     A 553    SER  
    A 166    PHE       matches     A 301    PHE  
    A 182    PHE       matches     A 274    PHE  
  TRANSFORM   -0.4267  0.0066 -0.9044  0.4744 -0.8497 -0.2300 -0.7700 -0.5272  0.3594    -5.607    66.826    26.342  
 
 Match found in 2r11_o02     CARBOXYLESTERASE NP                 
   Pattern 2r11_o02               Query structure     RMSD=  0.86 A  No. of residues =   3
   ------- -------                --------------- 
    C 130    SER       matches     A 553    SER  
    C 166    PHE       matches     A 301    PHE  
    C 182    PHE       matches     A 274    PHE  
  TRANSFORM   -0.9234  0.2637  0.2790 -0.3562 -0.8596 -0.3664  0.1433 -0.4377  0.8876    20.013   -58.914  -137.934  
 
 Match found in 1xny_c00     PROPIONYL-COA CARBOXYLASE COMPLEX B 
   Pattern 1xny_c00               Query structure     RMSD=  0.87 A  No. of residues =   3
   ------- -------                --------------- 
    A 183    GLY       matches     A 254    GLY  
    B 419    GLY       matches     A 203    GLY  
    B 420    ALA       matches     A 209    ALA  
  TRANSFORM    0.1614 -0.8704  0.4652 -0.5040  0.3326  0.7971 -0.8485 -0.3631 -0.3850     8.612    15.548    24.112  
 
 Match found in 1emh_d00     HYDROLASE/DNA                       
   Pattern 1emh_d00               Query structure     RMSD=  0.91 A  No. of residues =   3
   ------- -------                --------------- 
    A 271    PRO       matches     A 452    PRO  
    A 272    LEU       matches     A 451    LEU  
    A 276    ARG       matches     A 447    ARG  
  TRANSFORM   -0.2432 -0.6653 -0.7059 -0.8997 -0.1173  0.4205 -0.3626  0.7373 -0.5700   -44.892     2.342    -6.148  
 
 Match found in 1qrz_c21     PLASMINOGEN                         
   Pattern 1qrz_c21               Query structure     RMSD=  0.94 A  No. of residues =   3
   ------- -------                --------------- 
    B 603    HIS       matches     A 117    HIS  
    B 646    ASP       matches     A 118    ASP  
    B 739    GLY       matches     A 353    GLY  
  TRANSFORM   -0.8083  0.4494  0.3804  0.4244  0.8925 -0.1525 -0.4081  0.0382 -0.9122    37.903    58.877   -54.744  
 
 Match found in 1mro_c01     METHYL-COENZYME M REDUCTASE         
   Pattern 1mro_c01               Query structure     RMSD=  0.95 A  No. of residues =   3
   ------- -------                --------------- 
    D 465    GLY       matches     A 499    GLY  
    D 501    ASP       matches     A  98    ASP  
    E 367    TYR       matches     A   3    TYR  
  TRANSFORM    0.0564 -0.3383 -0.9394  0.6108 -0.7326  0.3005 -0.7898 -0.5907  0.1652     8.558    69.482   112.143  
 
 Match found in 2v3r_p00     EXOGLUCANASE 1                      
   Pattern 2v3r_p00               Query structure     RMSD=  0.95 A  No. of residues =   3
   ------- -------                --------------- 
    A 270    ASN       matches     A 361    ASN  
    A 384    ASN       matches     A 428    ASN  
    A 385    GLU       matches     A 384    GLU  
  TRANSFORM   -0.4473  0.6901 -0.5689 -0.6811  0.1495  0.7168  0.5797  0.7081  0.4031    43.748  -112.355  -134.927  
 
 Match found in 1xny_c01     PROPIONYL-COA CARBOXYLASE COMPLEX B 
   Pattern 1xny_c01               Query structure     RMSD=  0.95 A  No. of residues =   3
   ------- -------                --------------- 
    A 420    ALA       matches     A 198    ALA  
    B 182    GLY       matches     A 254    GLY  
    B 183    GLY       matches     A 203    GLY  
  TRANSFORM    0.2391 -0.9123  0.3324  0.9217  0.1056 -0.3733  0.3055  0.3957  0.8661     4.645    -8.657     5.868  
 
 Match found in 1qrz_c22     PLASMINOGEN                         
   Pattern 1qrz_c22               Query structure     RMSD=  0.96 A  No. of residues =   3
   ------- -------                --------------- 
    C 603    HIS       matches     A 117    HIS  
    C 646    ASP       matches     A 118    ASP  
    C 739    GLY       matches     A 353    GLY  
  TRANSFORM    0.2799 -0.9123  0.2989  0.8989  0.1397 -0.4153  0.3371  0.3850  0.8591   -49.410    -8.416    44.112  
 
 Match found in 1qrz_c23     PLASMINOGEN                         
   Pattern 1qrz_c23               Query structure     RMSD=  0.96 A  No. of residues =   3
   ------- -------                --------------- 
    D 603    HIS       matches     A 117    HIS  
    D 646    ASP       matches     A 118    ASP  
    D 739    GLY       matches     A 353    GLY  
  TRANSFORM   -0.4570 -0.8893 -0.0196 -0.3905  0.2204 -0.8938  0.7992 -0.4008 -0.4480    18.753    55.361   -40.325  
 
 Match found in 1mro_c01     METHYL-COENZYME M REDUCTASE         
   Pattern 1mro_c01               Query structure     RMSD=  0.97 A  No. of residues =   3
   ------- -------                --------------- 
    D 465    GLY       matches     A 112    GLY  
    D 501    ASP       matches     A 322    ASP  
    E 367    TYR       matches     A  32    TYR  
  TRANSFORM    0.0560 -0.7475  0.6619  0.5861  0.5613  0.5843 -0.8083  0.3553  0.4695     6.670    30.823   -25.766  
 
 Match found in 1mro_c00     METHYL-COENZYME M REDUCTASE         
   Pattern 1mro_c00               Query structure     RMSD=  0.98 A  No. of residues =   3
   ------- -------                --------------- 
    A 465    GLY       matches     A 112    GLY  
    A 501    ASP       matches     A 322    ASP  
    B 367    TYR       matches     A  32    TYR  
  TRANSFORM   -0.8560 -0.4114  0.3132  0.3704 -0.9105 -0.1838  0.3607 -0.0413  0.9317    15.235    13.973   -10.609  
 
 Match found in 1mro_c00     METHYL-COENZYME M REDUCTASE         
   Pattern 1mro_c00               Query structure     RMSD=  0.99 A  No. of residues =   3
   ------- -------                --------------- 
    A 465    GLY       matches     A 499    GLY  
    A 501    ASP       matches     A  98    ASP  
    B 367    TYR       matches     A   3    TYR  
  TRANSFORM   -0.8800 -0.2449 -0.4069 -0.3693  0.8915  0.2622  0.2986  0.3810 -0.8750    13.023    34.634    36.393  
 
 Match found in 1lio_c01     ADENOSINE KINASE                    
   Pattern 1lio_c01               Query structure     RMSD=  0.99 A  No. of residues =   3
   ------- -------                --------------- 
    A 316    ALA       matches     A 509    ALA  
    A 317    GLY       matches     A 320    GLY  
    A 318    ASP       matches     A 508    ASP  
  TRANSFORM   -0.0943 -0.7298 -0.6772 -0.5161 -0.5458  0.6601 -0.8513  0.4117 -0.3252    12.515    68.052    57.615  
 
 Match found in 1ddj_c14     PLASMINOGEN                         
   Pattern 1ddj_c14               Query structure     RMSD=  1.00 A  No. of residues =   3
   ------- -------                --------------- 
    C 603    HIS       matches     A 360    HIS  
    C 646    ASP       matches     A 442    ASP  
    C 739    GLY       matches     A 424    GLY  
  TRANSFORM   -0.2251 -0.8308 -0.5090  0.7596  0.1775 -0.6257  0.6102 -0.5275  0.5911   -30.838    69.097   101.913  
 
 Match found in 2r11_o01     CARBOXYLESTERASE NP                 
   Pattern 2r11_o01               Query structure     RMSD=  1.01 A  No. of residues =   3
   ------- -------                --------------- 
    B 130    SER       matches     A 553    SER  
    B 166    PHE       matches     A 588    PHE  
    B 182    PHE       matches     A 274    PHE  
  TRANSFORM   -0.1062 -0.7709 -0.6280 -0.5484 -0.4814  0.6837 -0.8295  0.4170 -0.3716    15.748    68.941    -6.092  
 
 Match found in 1ddj_c12     PLASMINOGEN                         
   Pattern 1ddj_c12               Query structure     RMSD=  1.01 A  No. of residues =   3
   ------- -------                --------------- 
    A 603    HIS       matches     A 360    HIS  
    A 646    ASP       matches     A 442    ASP  
    A 739    GLY       matches     A 424    GLY  
  TRANSFORM   -0.2139  0.9769  0.0004 -0.7659 -0.1679  0.6206  0.6063  0.1324  0.7841   -26.473    32.442    56.230  
 
 Match found in 2r11_o03     CARBOXYLESTERASE NP                 
   Pattern 2r11_o03               Query structure     RMSD=  1.02 A  No. of residues =   3
   ------- -------                --------------- 
    D 130    SER       matches     A 553    SER  
    D 166    PHE       matches     A 588    PHE  
    D 182    PHE       matches     A 274    PHE  
  TRANSFORM   -0.5948 -0.6748 -0.4369 -0.6135  0.7323 -0.2958  0.5195  0.0921 -0.8495   -37.706    42.442   115.977  
 
 Match found in 2r11_o01     CARBOXYLESTERASE NP                 
   Pattern 2r11_o01               Query structure     RMSD=  1.03 A  No. of residues =   3
   ------- -------                --------------- 
    B 130    SER       matches     A 553    SER  
    B 166    PHE       matches     A 301    PHE  
    B 182    PHE       matches     A 274    PHE  
  TRANSFORM   -0.2507  0.8094 -0.5310  0.9403  0.0731 -0.3324 -0.2303 -0.5827 -0.7794    44.602    24.384    11.486  
 
 Match found in 1uok_c04     OLIGO-1,6-GLUCOSIDASE               
   Pattern 1uok_c04               Query structure     RMSD=  1.04 A  No. of residues =   3
   ------- -------                --------------- 
      199    ASP       matches     A 442    ASP  
      218    GLU       matches     A 378    GLU  
      329    ASP       matches     A 437    ASP  
  TRANSFORM    0.1195  0.4573  0.8812  0.6166 -0.7298  0.2951  0.7781  0.5081 -0.3693   -30.516    59.219    71.539  
 
 Match found in 2r11_o03     CARBOXYLESTERASE NP                 
   Pattern 2r11_o03               Query structure     RMSD=  1.05 A  No. of residues =   3
   ------- -------                --------------- 
    D 130    SER       matches     A 553    SER  
    D 166    PHE       matches     A 301    PHE  
    D 182    PHE       matches     A 274    PHE  
  TRANSFORM   -0.3770  0.7127 -0.5915 -0.3020  0.5091  0.8059  0.8756  0.4825  0.0233    24.421    78.149    18.731  
 
 Match found in 1qho_c05     ALPHA-AMYLASE                       
   Pattern 1qho_c05               Query structure     RMSD=  1.07 A  No. of residues =   3
   ------- -------                --------------- 
    A 228    ASP       matches     A 442    ASP  
    A 261    ASP       matches     A 132    ASP  
    A 329    ASP       matches     A 437    ASP  
  TRANSFORM   -0.5992 -0.3701 -0.7099 -0.5142  0.8576 -0.0131  0.6136  0.3572 -0.7042    14.565    16.446   -16.602  
 
 Match found in 1mro_c00     METHYL-COENZYME M REDUCTASE         
   Pattern 1mro_c00               Query structure     RMSD=  1.07 A  No. of residues =   3
   ------- -------                --------------- 
    A 465    GLY       matches     A 253    GLY  
    A 501    ASP       matches     A 530    ASP  
    B 367    TYR       matches     A 368    TYR  
  TRANSFORM    0.0083 -0.7458  0.6662 -0.9960  0.0531  0.0719 -0.0890 -0.6641 -0.7423    13.895    14.102     5.864  
 
 Match found in 1emh_d00     HYDROLASE/DNA                       
   Pattern 1emh_d00               Query structure     RMSD=  1.08 A  No. of residues =   3
   ------- -------                --------------- 
    A 271    PRO       matches     A 452    PRO  
    A 272    LEU       matches     A 496    LEU  
    A 276    ARG       matches     A 447    ARG  
  TRANSFORM   -0.8308 -0.0585  0.5535 -0.5563  0.0600 -0.8288  0.0153 -0.9965 -0.0824   -21.166    -0.725    79.634  
 
 Match found in 2odj_o01     PORIN D                             
   Pattern 2odj_o01               Query structure     RMSD=  1.09 A  No. of residues =   3
   ------- -------                --------------- 
    B 156    HIS       matches     A 275    HIS  
    B 208    ASP       matches     A 210    ASP  
    B 296    SER       matches     A 120    SER  
  TRANSFORM   -0.9082 -0.3468 -0.2341 -0.1979 -0.1368  0.9706 -0.3687  0.9279  0.0556   -10.624    13.070    16.209  
 
 Match found in 2tdt_c00     TETRAHYDRODIPICOLINATE N-SUCCINYLTRA
   Pattern 2tdt_c00               Query structure     RMSD=  1.10 A  No. of residues =   3
   ------- -------                --------------- 
      141    ASP       matches     A 322    ASP  
      166    GLY       matches     A 522    GLY  
      169    GLU       matches     A 350    GLU  
  TRANSFORM   -0.2468 -0.8150  0.5243  0.3951 -0.5786 -0.7135  0.8849  0.0311  0.4648    -7.413    73.597    95.788  
 
 Match found in 1bd3_c03     URACIL PHOSPHORIBOSYLTRANSFERASE    
   Pattern 1bd3_c03               Query structure     RMSD=  1.10 A  No. of residues =   3
   ------- -------                --------------- 
    B 137    ARG       matches     A  33    ARG  
    B 141    THR       matches     A  38    THR  
    B 235    ASP       matches     A 535    ASP  
  TRANSFORM    0.0523 -0.8835 -0.4655  0.7732 -0.2592  0.5788 -0.6320 -0.3902  0.6696    35.293    58.002   -48.836  
 
 Match found in 1mro_c01     METHYL-COENZYME M REDUCTASE         
   Pattern 1mro_c01               Query structure     RMSD=  1.10 A  No. of residues =   3
   ------- -------                --------------- 
    D 465    GLY       matches     A 253    GLY  
    D 501    ASP       matches     A 530    ASP  
    E 367    TYR       matches     A 368    TYR  
  TRANSFORM    0.6538 -0.7361 -0.1755  0.4080  0.1476  0.9010 -0.6373 -0.6606  0.3968   -30.661    38.741    50.130  
 
 Match found in 1ddj_c15     PLASMINOGEN                         
   Pattern 1ddj_c15               Query structure     RMSD=  1.10 A  No. of residues =   3
   ------- -------                --------------- 
    D 603    HIS       matches     A 360    HIS  
    D 646    ASP       matches     A 442    ASP  
    D 739    GLY       matches     A 123    GLY  
  TRANSFORM   -0.0485  0.4055 -0.9128  0.9575 -0.2412 -0.1580 -0.2842 -0.8817 -0.3766     2.007    24.637    27.164  
 
 Match found in 1ds2_c02     PROTEINASE B (SGPB                  
   Pattern 1ds2_c02               Query structure     RMSD=  1.11 A  No. of residues =   3
   ------- -------                --------------- 
    E  57    HIS       matches     A 360    HIS  
    E 102    ASP       matches     A 442    ASP  
    E 193    GLY       matches     A 112    GLY  
  TRANSFORM    0.1627 -0.9832  0.0830 -0.0189  0.0810  0.9965 -0.9865 -0.1637 -0.0055    -7.524    43.396    48.912  
 
 Match found in 1ddj_c15     PLASMINOGEN                         
   Pattern 1ddj_c15               Query structure     RMSD=  1.12 A  No. of residues =   3
   ------- -------                --------------- 
    D 603    HIS       matches     A 427    HIS  
    D 646    ASP       matches     A 435    ASP  
    D 739    GLY       matches     A 243    GLY  
  TRANSFORM   -0.1118 -0.5080 -0.8541 -0.1636 -0.8383  0.5200 -0.9802  0.1979  0.0106    49.068    -6.173    41.937  
 
 Match found in 1bvz_c09     ALPHA-AMYLASE II                    
   Pattern 1bvz_c09               Query structure     RMSD=  1.12 A  No. of residues =   3
   ------- -------                --------------- 
    B 325    ASP       matches     A 291    ASP  
    B 354    GLU       matches     A 292    GLU  
    B 421    ASP       matches     A 210    ASP  
  TRANSFORM    0.9291  0.3276  0.1715 -0.2887  0.9325 -0.2171 -0.2311  0.1522  0.9610   -30.614    32.832   -13.038  
 
 Match found in 1ddj_c13     PLASMINOGEN                         
   Pattern 1ddj_c13               Query structure     RMSD=  1.12 A  No. of residues =   3
   ------- -------                --------------- 
    B 603    HIS       matches     A 360    HIS  
    B 646    ASP       matches     A 442    ASP  
    B 739    GLY       matches     A 424    GLY  
  TRANSFORM   -0.0860 -0.9877  0.1304 -0.4333 -0.0808 -0.8976  0.8972 -0.1337 -0.4210     8.143    35.688   -20.199  
 
 Match found in 1hkd_p00     PEA LECTIN ALPHA CHAIN              
   Pattern 1hkd_p00               Query structure     RMSD=  1.12 A  No. of residues =   3
   ------- -------                --------------- 
    A  81    ASP       matches     A 435    ASP  
    A  99    GLY       matches     A 424    GLY  
    A 125    ASN       matches     A 383    ASN  
  TRANSFORM   -0.8340  0.2731  0.4795 -0.5327 -0.6252 -0.5704  0.1440 -0.7311  0.6669    -1.288    74.167    42.508  
 
 Match found in 1jxa_c03     GLUCOSAMINE 6-PHOSPHATE SYNTHASE    
   Pattern 1jxa_c03               Query structure     RMSD=  1.13 A  No. of residues =   3
   ------- -------                --------------- 
    B   1    CYH       matches     A 241    CYH  
    B  98    ASN       matches     A 259    ASN  
    B  99    GLY       matches     A 258    GLY  
  TRANSFORM    0.5336 -0.3765  0.7573 -0.8203 -0.4485  0.3550  0.2060 -0.8106 -0.5481   153.580    12.067   -19.270  
 
 Match found in 1lij_c01     ADENOSINE KINASE                    
   Pattern 1lij_c01               Query structure     RMSD=  1.13 A  No. of residues =   3
   ------- -------                --------------- 
    A 316    ALA       matches     A 509    ALA  
    A 317    GLY       matches     A 320    GLY  
    A 318    ASP       matches     A 508    ASP  
  TRANSFORM   -0.8145  0.5147  0.2678  0.5028  0.3957  0.7685  0.2896  0.7606 -0.5810    25.681    60.315    76.215  
 
 Match found in 2v3r_p00     EXOGLUCANASE 1                      
   Pattern 2v3r_p00               Query structure     RMSD=  1.14 A  No. of residues =   3
   ------- -------                --------------- 
    A 270    ASN       matches     A 163    ASN  
    A 384    ASN       matches     A 487    ASN  
    A 385    GLU       matches     A  88    GLU  
  TRANSFORM   -0.3327 -0.4037  0.8522 -0.2958 -0.8134 -0.5008  0.8954 -0.4188  0.1512    27.514    71.948    29.690  
 
 Match found in 1amy_c01     ALPHA-1,4 GLYCAN-4-GLUCANOHYDROLASE 
   Pattern 1amy_c01               Query structure     RMSD=  1.14 A  No. of residues =   3
   ------- -------                --------------- 
      179    ASP       matches     A 156    ASP  
      214    ASP       matches     A 178    ASP  
      289    ASP       matches     A 437    ASP  
  TRANSFORM   -0.9079 -0.3001 -0.2925  0.4174 -0.5859 -0.6946  0.0371 -0.7528  0.6572    46.279    12.787     7.627  
 
 Match found in 1q6l_c05     3-KETO-L-GULONATE 6-PHOSPHATE DECARB
   Pattern 1q6l_c05               Query structure     RMSD=  1.14 A  No. of residues =   3
   ------- -------                --------------- 
    A  67    ASP       matches     A 197    ASP  
    A  68    ALA       matches     A 198    ALA  
    A  72    LEU       matches     A 306    LEU  
  TRANSFORM   -0.8995  0.4326  0.0616  0.2997  0.5081  0.8074  0.3180  0.7447 -0.5867    13.347    31.716   -27.822  
 
 Match found in 1mro_c00     METHYL-COENZYME M REDUCTASE         
   Pattern 1mro_c00               Query structure     RMSD=  1.14 A  No. of residues =   3
   ------- -------                --------------- 
    A 465    GLY       matches     A 354    GLY  
    A 501    ASP       matches     A 507    ASP  
    B 367    TYR       matches     A 385    TYR  
  TRANSFORM    0.4097  0.7567 -0.5094 -0.7615 -0.0238 -0.6477 -0.5023  0.6533  0.5665    12.573    21.284   -29.015  
 
 Match found in 1qgx_c02     3',5'-ADENOSINE BISPHOSPHATASE      
   Pattern 1qgx_c02               Query structure     RMSD=  1.14 A  No. of residues =   3
   ------- -------                --------------- 
    A  49    ASP       matches     A 197    ASP  
    A 147    THR       matches     A 193    THR  
    A 294    ASP       matches     A 255    ASP  
  TRANSFORM    0.6930 -0.1356  0.7080 -0.1607  0.9284  0.3351 -0.7028 -0.3460  0.6216     2.777   -10.404    -4.381  
 
 Match found in 2tdt_c00     TETRAHYDRODIPICOLINATE N-SUCCINYLTRA
   Pattern 2tdt_c00               Query structure     RMSD=  1.15 A  No. of residues =   3
   ------- -------                --------------- 
      141    ASP       matches     A 252    ASP  
      166    GLY       matches     A 394    GLY  
      169    GLU       matches     A 400    GLU  
  TRANSFORM   -0.4559 -0.8717 -0.1796 -0.0450 -0.1790  0.9828 -0.8889  0.4561  0.0424    47.206    54.537    53.119  
 
 Match found in 1a0j_c13     TRYPSIN                             
   Pattern 1a0j_c13               Query structure     RMSD=  1.15 A  No. of residues =   3
   ------- -------                --------------- 
    B  57    HIS       matches     A 360    HIS  
    B 102    ASP       matches     A 442    ASP  
    B 193    GLY       matches     A 112    GLY  
  TRANSFORM   -0.8379  0.5263  0.1448 -0.4261 -0.4647 -0.7762 -0.3412 -0.7121  0.6137     4.930     9.191    24.645  
 
 Match found in 2tdt_c00     TETRAHYDRODIPICOLINATE N-SUCCINYLTRA
   Pattern 2tdt_c00               Query structure     RMSD=  1.16 A  No. of residues =   3
   ------- -------                --------------- 
      141    ASP       matches     A 435    ASP  
      166    GLY       matches     A  81    GLY  
      169    GLU       matches     A  78    GLU  
  TRANSFORM   -0.1432 -0.9886 -0.0464  0.9892 -0.1445  0.0248 -0.0312 -0.0423  0.9986    -4.505    67.541    18.660  
 
 Match found in 1amy_c06     ALPHA-1,4 GLYCAN-4-GLUCANOHYDROLASE 
   Pattern 1amy_c06               Query structure     RMSD=  1.16 A  No. of residues =   3
   ------- -------                --------------- 
      179    ASP       matches     A 197    ASP  
      227    GLU       matches     A 297    GLU  
      289    ASP       matches     A 530    ASP  
  TRANSFORM   -0.5126  0.3381 -0.7893 -0.8007 -0.5202  0.2971 -0.3101  0.7842  0.5374    35.450    50.098   -33.603  
 
 Match found in 1mro_c01     METHYL-COENZYME M REDUCTASE         
   Pattern 1mro_c01               Query structure     RMSD=  1.16 A  No. of residues =   3
   ------- -------                --------------- 
    D 465    GLY       matches     A 529    GLY  
    D 501    ASP       matches     A 313    ASP  
    E 367    TYR       matches     A  61    TYR  
  TRANSFORM   -0.7824 -0.0917 -0.6159  0.5037 -0.6747 -0.5395 -0.3661 -0.7324  0.5741    22.147    49.658   -37.969  
 
 Match found in 1mro_c01     METHYL-COENZYME M REDUCTASE         
   Pattern 1mro_c01               Query structure     RMSD=  1.16 A  No. of residues =   3
   ------- -------                --------------- 
    D 465    GLY       matches     A 354    GLY  
    D 501    ASP       matches     A 507    ASP  
    E 367    TYR       matches     A 385    TYR  
  TRANSFORM    0.6074  0.5964 -0.5247 -0.7378  0.1788 -0.6509 -0.2944  0.7825  0.5487    -5.439    49.988    48.820  
 
 Match found in 1ddj_c14     PLASMINOGEN                         
   Pattern 1ddj_c14               Query structure     RMSD=  1.16 A  No. of residues =   3
   ------- -------                --------------- 
    C 603    HIS       matches     A 427    HIS  
    C 646    ASP       matches     A 435    ASP  
    C 739    GLY       matches     A 243    GLY  
  TRANSFORM    0.3922  0.2298 -0.8907  0.2577 -0.9570 -0.1334 -0.8830 -0.1772 -0.4346    11.548    20.364   -19.169  
 
 Match found in 1rgq_c01     NS4A PEPTIDE                        
   Pattern 1rgq_c01               Query structure     RMSD=  1.17 A  No. of residues =   3
   ------- -------                --------------- 
    B  60    HIS       matches     A 360    HIS  
    B  84    ASP       matches     A 442    ASP  
    B 140    GLY       matches     A 112    GLY  
  TRANSFORM    0.4258 -0.5590  0.7115  0.7367  0.6707  0.0861 -0.5254  0.4874  0.6974   -50.959   -10.966    43.276  
 
 Match found in 1qrz_c23     PLASMINOGEN                         
   Pattern 1qrz_c23               Query structure     RMSD=  1.17 A  No. of residues =   3
   ------- -------                --------------- 
    D 603    HIS       matches     A 117    HIS  
    D 646    ASP       matches     A 118    ASP  
    D 739    GLY       matches     A 123    GLY  
  TRANSFORM    0.3468 -0.2604 -0.9011 -0.6721 -0.7391 -0.0451 -0.6543  0.6212 -0.4313     3.794   -36.321   -51.378  
 
 Match found in 1tz3_c03     PUTATIVE SUGAR KINASE               
   Pattern 1tz3_c03               Query structure     RMSD=  1.17 A  No. of residues =   3
   ------- -------                --------------- 
    B 250    ALA       matches     A 509    ALA  
    B 251    GLY       matches     A 320    GLY  
    B 252    ASP       matches     A 508    ASP  
  TRANSFORM    0.5564 -0.6257 -0.5467 -0.0483  0.6325 -0.7730  0.8295  0.4565  0.3217    36.411    45.097    11.901  
 
 Match found in 2lpr_c02     ALPHA-LYTIC PROTEASE                
   Pattern 2lpr_c02               Query structure     RMSD=  1.17 A  No. of residues =   3
   ------- -------                --------------- 
    A  57    HIS       matches     A 215    HIS  
    A 102    ASP       matches     A 210    ASP  
    A 193    GLY       matches     A 218    GLY  
  TRANSFORM    0.2873  0.6541 -0.6997  0.9071  0.0488  0.4181  0.3077 -0.7548 -0.5793    21.544    21.004   -31.604  
 
 Match found in 1mro_c00     METHYL-COENZYME M REDUCTASE         
   Pattern 1mro_c00               Query structure     RMSD=  1.18 A  No. of residues =   3
   ------- -------                --------------- 
    A 465    GLY       matches     A 529    GLY  
    A 501    ASP       matches     A 313    ASP  
    B 367    TYR       matches     A  61    TYR  
  TRANSFORM    0.5696  0.5886 -0.5736 -0.7847  0.1818 -0.5926 -0.2445  0.7877  0.5654    -3.070    51.524   -14.495  
 
 Match found in 1ddj_c12     PLASMINOGEN                         
   Pattern 1ddj_c12               Query structure     RMSD=  1.18 A  No. of residues =   3
   ------- -------                --------------- 
    A 603    HIS       matches     A 427    HIS  
    A 646    ASP       matches     A 435    ASP  
    A 739    GLY       matches     A 243    GLY  
  TRANSFORM    0.5624 -0.6188 -0.5484 -0.0612  0.6303 -0.7740  0.8246  0.4688  0.3166    36.492    45.046    11.960  
 
 Match found in 1ssx_c02     ALPHA-LYTIC PROTEASE                
   Pattern 1ssx_c02               Query structure     RMSD=  1.18 A  No. of residues =   3
   ------- -------                --------------- 
    A  57    HIS       matches     A 215    HIS  
    A 102    ASP       matches     A 210    ASP  
    A 193    GLY       matches     A 218    GLY  
  TRANSFORM    0.8059 -0.3405 -0.4844  0.1309 -0.6954  0.7066 -0.5774 -0.6328 -0.5159     3.918    23.539    95.365  
 
 Match found in 1a0j_c15     TRYPSIN                             
   Pattern 1a0j_c15               Query structure     RMSD=  1.18 A  No. of residues =   3
   ------- -------                --------------- 
    D  57    HIS       matches     A 360    HIS  
    D 102    ASP       matches     A 442    ASP  
    D 193    GLY       matches     A 112    GLY  
  TRANSFORM   -0.2020 -0.9571  0.2076 -0.9477  0.2445  0.2050 -0.2470 -0.1553 -0.9565    70.658    65.382    25.752  
 
 Match found in 1req_c10     METHYLMALONYL-COA MUTASE            
   Pattern 1req_c10               Query structure     RMSD=  1.19 A  No. of residues =   3
   ------- -------                --------------- 
    A 608    ASP       matches     A 291    ASP  
    A 610    HIS       matches     A 215    HIS  
    A 661    HIS       matches     A 275    HIS  
  TRANSFORM    0.6904 -0.7035 -0.1688  0.4659  0.6108 -0.6402  0.5535  0.3634  0.7494     8.052    42.527    23.273  
 
 Match found in 1rtf_c06     TWO CHAIN TISSUE PLASMINOGEN ACTIVAT
   Pattern 1rtf_c06               Query structure     RMSD=  1.19 A  No. of residues =   3
   ------- -------                --------------- 
    B  57    HIS       matches     A 215    HIS  
    B 102    ASP       matches     A 210    ASP  
    B 193    GLY       matches     A 218    GLY  
  TRANSFORM    0.0600 -0.3146 -0.9473  0.2031  0.9330 -0.2969  0.9773 -0.1746  0.1199    33.833    58.313   -41.408  
 
 Match found in 1mro_c01     METHYL-COENZYME M REDUCTASE         
   Pattern 1mro_c01               Query structure     RMSD=  1.19 A  No. of residues =   3
   ------- -------                --------------- 
    D 465    GLY       matches     A 254    GLY  
    D 501    ASP       matches     A 442    ASP  
    E 367    TYR       matches     A 548    TYR  
  TRANSFORM   -0.3772  0.8937 -0.2429  0.7180  0.1166 -0.6862 -0.5849 -0.4333 -0.6857    20.607    33.549    59.057  
 
 Match found in 1a0j_c12     TRYPSIN                             
   Pattern 1a0j_c12               Query structure     RMSD=  1.19 A  No. of residues =   3
   ------- -------                --------------- 
    A  57    HIS       matches     A 360    HIS  
    A 102    ASP       matches     A 442    ASP  
    A 193    GLY       matches     A 112    GLY  
  TRANSFORM   -0.1341  0.4045  0.9047  0.8339  0.5392 -0.1175 -0.5353  0.7387 -0.4096    -1.686    44.666    64.906  
 
 Match found in 1a0j_c12     TRYPSIN                             
   Pattern 1a0j_c12               Query structure     RMSD=  1.19 A  No. of residues =   3
   ------- -------                --------------- 
    A  57    HIS       matches     A 215    HIS  
    A 102    ASP       matches     A 210    ASP  
    A 193    GLY       matches     A 218    GLY  
  TRANSFORM    0.7620 -0.4654  0.4504 -0.0161 -0.7088 -0.7052  0.6474  0.5301 -0.5476    19.159    26.356    11.391  
 
 Match found in 2lpr_c02     ALPHA-LYTIC PROTEASE                
   Pattern 2lpr_c02               Query structure     RMSD=  1.19 A  No. of residues =   3
   ------- -------                --------------- 
    A  57    HIS       matches     A 360    HIS  
    A 102    ASP       matches     A 442    ASP  
    A 193    GLY       matches     A 112    GLY  
  TRANSFORM    0.8475 -0.5303  0.0214 -0.5038 -0.7911  0.3468 -0.1670 -0.3047 -0.9377     1.322    16.370     2.199  
 
 Match found in 1emh_d00     HYDROLASE/DNA                       
   Pattern 1emh_d00               Query structure     RMSD=  1.19 A  No. of residues =   3
   ------- -------                --------------- 
    A 271    PRO       matches     A  80    PRO  
    A 272    LEU       matches     A  85    LEU  
    A 276    ARG       matches     A  83    ARG  
  TRANSFORM    0.9082  0.4185 -0.0076 -0.1706  0.3866  0.9063  0.3823 -0.8218  0.4225    37.733    -1.006    -5.174  
 
 Match found in 1tz3_c02     PUTATIVE SUGAR KINASE               
   Pattern 1tz3_c02               Query structure     RMSD=  1.19 A  No. of residues =   3
   ------- -------                --------------- 
    A 250    ALA       matches     A 509    ALA  
    A 251    GLY       matches     A 320    GLY  
    A 252    ASP       matches     A 508    ASP  
  TRANSFORM    0.9591 -0.2403  0.1494 -0.2817 -0.7621  0.5830 -0.0263 -0.6012 -0.7986    53.032    79.265    19.456  
 
 Match found in 1cdg_c00     CYCLODEXTRIN GLYCOSYLTRANSFERASE (E.
   Pattern 1cdg_c00               Query structure     RMSD=  1.20 A  No. of residues =   3
   ------- -------                --------------- 
      229    ASP       matches     A 507    ASP  
      264    GLU       matches     A   5    GLU  
      328    ASP       matches     A 322    ASP  
  TRANSFORM   -0.1245  0.3068 -0.9436  0.9449 -0.2536 -0.2072 -0.3028 -0.9174 -0.2583     6.015    96.770    64.244  
 
 Match found in 1req_c11     METHYLMALONYL-COA MUTASE            
   Pattern 1req_c11               Query structure     RMSD=  1.20 A  No. of residues =   3
   ------- -------                --------------- 
    C 608    ASP       matches     A 291    ASP  
    C 610    HIS       matches     A 215    HIS  
    C 661    HIS       matches     A 275    HIS  
  TRANSFORM   -0.1905 -0.9215 -0.3384  0.3110  0.2703 -0.9112  0.9311 -0.2788  0.2351    -4.447    22.079    33.671  
 
 Match found in 1inp_c02     INOSITOL POLYPHOSPHATE 1-PHOSPHATASE
   Pattern 1inp_c02               Query structure     RMSD=  1.20 A  No. of residues =   3
   ------- -------                --------------- 
       54    ASP       matches     A 197    ASP  
      158    THR       matches     A 193    THR  
      317    ASP       matches     A 255    ASP  
  TRANSFORM    0.2117 -0.9047  0.3696 -0.8337 -0.3645 -0.4148  0.5100 -0.2204 -0.8315    31.750    50.681    99.116  
 
 Match found in 1a0j_c14     TRYPSIN                             
   Pattern 1a0j_c14               Query structure     RMSD=  1.20 A  No. of residues =   3
   ------- -------                --------------- 
    C  57    HIS       matches     A 215    HIS  
    C 102    ASP       matches     A 210    ASP  
    C 193    GLY       matches     A 218    GLY  
  TRANSFORM    0.0510  0.8116  0.5819  0.9910 -0.1133  0.0712  0.1237  0.5731 -0.8101    -2.042    17.292    43.332  
 
 Match found in 1bp2_c00     PHOSPHOLIPASE A2 (E.C.3.1.1.4) (PHOS
   Pattern 1bp2_c00               Query structure     RMSD=  1.20 A  No. of residues =   3
   ------- -------                --------------- 
       30    GLY       matches     A 218    GLY  
       48    HIS       matches     A 215    HIS  
       99    ASP       matches     A 210    ASP  
  TRANSFORM    0.0798  0.9698 -0.2303 -0.9878  0.0460 -0.1488 -0.1337  0.2394  0.9617    -3.346    -2.683   -18.977  
 
 Match found in 2tdt_c00     TETRAHYDRODIPICOLINATE N-SUCCINYLTRA
   Pattern 2tdt_c00               Query structure     RMSD=  1.20 A  No. of residues =   3
   ------- -------                --------------- 
      141    ASP       matches     A 223    ASP  
      166    GLY       matches     A 280    GLY  
      169    GLU       matches     A 297    GLU  
  TRANSFORM    0.7892  0.2738 -0.5498 -0.1411 -0.7904 -0.5961 -0.5977  0.5480 -0.5851    24.621    35.471   104.603  
 
 Match found in 1a0j_c15     TRYPSIN                             
   Pattern 1a0j_c15               Query structure     RMSD=  1.20 A  No. of residues =   3
   ------- -------                --------------- 
    D  57    HIS       matches     A 215    HIS  
    D 102    ASP       matches     A 210    ASP  
    D 193    GLY       matches     A 218    GLY  
  TRANSFORM    0.0787  0.5464  0.8338  0.6312  0.6201 -0.4659 -0.7716  0.5630 -0.2962     8.158    68.092    62.610  
 
