******************************************************* user.XUMS **************************************************************
  TRANSFORM    0.5195 -0.5717 -0.6351 -0.7726 -0.6317 -0.0634 -0.3649  0.5236 -0.7699    24.459   -11.141    -5.344  
 
 Match found in 1mhl_c00     MYELOPEROXIDASE                     
   Pattern 1mhl_c00               Query structure     RMSD=  0.37 A  No. of residues =   3
   ------- -------                --------------- 
    A  91    GLN       matches     A 115    GLN  
    A  95    HIS       matches     A 119    HIS  
    C 239    ARG       matches     A 263    ARG  
  TRANSFORM   -0.7149 -0.3230  0.6201  0.4594 -0.8856  0.0684  0.5271  0.3338  0.7815    27.325    10.589    36.415  
 
 Match found in 1mhl_c01     MYELOPEROXIDASE                     
   Pattern 1mhl_c01               Query structure     RMSD=  0.41 A  No. of residues =   3
   ------- -------                --------------- 
    B  91    GLN       matches     A 115    GLN  
    B  95    HIS       matches     A 119    HIS  
    D 239    ARG       matches     A 263    ARG  
  TRANSFORM    0.2075  0.2073  0.9560  0.0029 -0.9774  0.2113  0.9782 -0.0411 -0.2034    46.968   -95.423  -138.289  
 
 Match found in 1xny_c01     PROPIONYL-COA CARBOXYLASE COMPLEX B 
   Pattern 1xny_c01               Query structure     RMSD=  0.75 A  No. of residues =   3
   ------- -------                --------------- 
    A 420    ALA       matches     A 197    ALA  
    B 182    GLY       matches     A 260    GLY  
    B 183    GLY       matches     A 208    GLY  
  TRANSFORM   -0.9288 -0.2914 -0.2290  0.3657 -0.6203 -0.6938  0.0601 -0.7282  0.6827    33.347    25.563    21.906  
 
 Match found in 1lio_c01     ADENOSINE KINASE                    
   Pattern 1lio_c01               Query structure     RMSD=  0.77 A  No. of residues =   3
   ------- -------                --------------- 
    A 316    ALA       matches     A 415    ALA  
    A 317    GLY       matches     A 416    GLY  
    A 318    ASP       matches     A 104    ASP  
  TRANSFORM   -0.4469 -0.3549 -0.8212  0.8787 -0.0018 -0.4773  0.1679 -0.9349  0.3126     7.615    14.561    24.063  
 
 Match found in 1emh_d00     HYDROLASE/DNA                       
   Pattern 1emh_d00               Query structure     RMSD=  0.87 A  No. of residues =   3
   ------- -------                --------------- 
    A 271    PRO       matches     A 456    PRO  
    A 272    LEU       matches     A 455    LEU  
    A 276    ARG       matches     A 451    ARG  
  TRANSFORM    0.8965  0.4260  0.1219  0.2040 -0.1526 -0.9670 -0.3934  0.8918 -0.2237    -4.529     0.826    37.483  
 
 Match found in 1inp_c02     INOSITOL POLYPHOSPHATE 1-PHOSPHATASE
   Pattern 1inp_c02               Query structure     RMSD=  0.88 A  No. of residues =   3
   ------- -------                --------------- 
       54    ASP       matches     A 120    ASP  
      158    THR       matches     A 198    THR  
      317    ASP       matches     A 534    ASP  
  TRANSFORM    0.5249  0.0466  0.8499  0.8260 -0.2688 -0.4954  0.2054  0.9621 -0.1796    43.538  -113.714  -135.464  
 
 Match found in 1xny_c01     PROPIONYL-COA CARBOXYLASE COMPLEX B 
   Pattern 1xny_c01               Query structure     RMSD=  0.89 A  No. of residues =   3
   ------- -------                --------------- 
    A 420    ALA       matches     A 203    ALA  
    B 182    GLY       matches     A 260    GLY  
    B 183    GLY       matches     A 208    GLY  
  TRANSFORM    0.0610 -0.8899  0.4521  0.4775 -0.3717 -0.7961  0.8765  0.2644  0.4022    46.423    27.827    30.135  
 
 Match found in 4mdh_c03     CYTOPLASMIC MALATE DEHYDROGENASE (E.
   Pattern 4mdh_c03               Query structure     RMSD=  0.89 A  No. of residues =   3
   ------- -------                --------------- 
    B 158    ASP       matches     A 446    ASP  
    B 161    ARG       matches     A 449    ARG  
    B 186    HIS       matches     A 366    HIS  
  TRANSFORM    0.8080 -0.5651  0.1664  0.0729 -0.1844 -0.9801  0.5846  0.8041 -0.1078     4.290    13.061    25.443  
 
 Match found in 2tdt_c00     TETRAHYDRODIPICOLINATE N-SUCCINYLTRA
   Pattern 2tdt_c00               Query structure     RMSD=  0.89 A  No. of residues =   3
   ------- -------                --------------- 
      141    ASP       matches     A 511    ASP  
      166    GLY       matches     A 466    GLY  
      169    GLU       matches     A 469    GLU  
  TRANSFORM    0.1635 -0.0340 -0.9859 -0.2478  0.9660 -0.0744  0.9549  0.2565  0.1495    20.463    41.159     0.062  
 
 Match found in 1ef8_c01     METHYLMALONYL COA DECARBOXYLASE     
   Pattern 1ef8_c01               Query structure     RMSD=  0.92 A  No. of residues =   3
   ------- -------                --------------- 
    B  66    HIS       matches     A 267    HIS  
    B 110    GLY       matches     A 269    GLY  
    B 140    TYR       matches     A 373    TYR  
  TRANSFORM   -0.5455 -0.7379  0.3974  0.7070 -0.6598 -0.2547  0.4501  0.1420  0.8816   -44.373     1.610    -5.326  
 
 Match found in 1qrz_c21     PLASMINOGEN                         
   Pattern 1qrz_c21               Query structure     RMSD=  0.92 A  No. of residues =   3
   ------- -------                --------------- 
    B 603    HIS       matches     A 119    HIS  
    B 646    ASP       matches     A 120    ASP  
    B 739    GLY       matches     A 359    GLY  
  TRANSFORM    0.4842  0.8711 -0.0817 -0.6772  0.3140 -0.6655 -0.5541  0.3775  0.7419   152.369    36.601    -8.624  
 
 Match found in 1lij_c01     ADENOSINE KINASE                    
   Pattern 1lij_c01               Query structure     RMSD=  0.93 A  No. of residues =   3
   ------- -------                --------------- 
    A 316    ALA       matches     A 415    ALA  
    A 317    GLY       matches     A 416    GLY  
    A 318    ASP       matches     A 104    ASP  
  TRANSFORM    0.8776 -0.4767  0.0506 -0.4784 -0.8776  0.0313  0.0295 -0.0517 -0.9982    19.943   -57.926  -138.980  
 
 Match found in 1xny_c00     PROPIONYL-COA CARBOXYLASE COMPLEX B 
   Pattern 1xny_c00               Query structure     RMSD=  0.94 A  No. of residues =   3
   ------- -------                --------------- 
    A 183    GLY       matches     A 260    GLY  
    B 419    GLY       matches     A 208    GLY  
    B 420    ALA       matches     A 214    ALA  
  TRANSFORM   -0.5761 -0.3875 -0.7197 -0.7088  0.6754  0.2037  0.4072  0.6275 -0.6637     4.005    -7.978     5.087  
 
 Match found in 1qrz_c22     PLASMINOGEN                         
   Pattern 1qrz_c22               Query structure     RMSD=  0.94 A  No. of residues =   3
   ------- -------                --------------- 
    C 603    HIS       matches     A 119    HIS  
    C 646    ASP       matches     A 120    ASP  
    C 739    GLY       matches     A 359    GLY  
  TRANSFORM   -0.6174 -0.3634 -0.6977 -0.6906  0.6751  0.2595  0.3767  0.6420 -0.6677   -50.002    -7.683    43.343  
 
 Match found in 1qrz_c23     PLASMINOGEN                         
   Pattern 1qrz_c23               Query structure     RMSD=  0.94 A  No. of residues =   3
   ------- -------                --------------- 
    D 603    HIS       matches     A 119    HIS  
    D 646    ASP       matches     A 120    ASP  
    D 739    GLY       matches     A 359    GLY  
  TRANSFORM    0.0522 -0.9597 -0.2762 -0.5639 -0.2565  0.7850 -0.8242  0.1148 -0.5545    23.849    52.382   -50.196  
 
 Match found in 1mro_c01     METHYL-COENZYME M REDUCTASE         
   Pattern 1mro_c01               Query structure     RMSD=  0.95 A  No. of residues =   3
   ------- -------                --------------- 
    D 465    GLY       matches     A 360    GLY  
    D 501    ASP       matches     A   7    ASP  
    E 367    TYR       matches     A 207    TYR  
  TRANSFORM   -0.2916 -0.2002  0.9353 -0.9118  0.3538 -0.2086 -0.2892 -0.9136 -0.2857     0.623    -9.750   -52.126  
 
 Match found in 1tz3_c03     PUTATIVE SUGAR KINASE               
   Pattern 1tz3_c03               Query structure     RMSD=  0.95 A  No. of residues =   3
   ------- -------                --------------- 
    B 250    ALA       matches     A 415    ALA  
    B 251    GLY       matches     A 416    GLY  
    B 252    ASP       matches     A 104    ASP  
  TRANSFORM    0.9891  0.0608  0.1342 -0.1460  0.2810  0.9486  0.0199 -0.9578  0.2868   -20.723    42.854    21.259  
 
 Match found in 1ddj_c15     PLASMINOGEN                         
   Pattern 1ddj_c15               Query structure     RMSD=  0.95 A  No. of residues =   3
   ------- -------                --------------- 
    D 603    HIS       matches     A 331    HIS  
    D 646    ASP       matches     A 336    ASP  
    D 739    GLY       matches     A 512    GLY  
  TRANSFORM   -0.5673  0.0448  0.8223  0.5475 -0.7253  0.4173  0.6151  0.6869  0.3870   -38.019    59.092    42.076  
 
 Match found in 1ddj_c15     PLASMINOGEN                         
   Pattern 1ddj_c15               Query structure     RMSD=  0.96 A  No. of residues =   3
   ------- -------                --------------- 
    D 603    HIS       matches     A  73    HIS  
    D 646    ASP       matches     A  70    ASP  
    D 739    GLY       matches     A 450    GLY  
  TRANSFORM    0.7434 -0.5379 -0.3974  0.3661  0.8246 -0.4314  0.5597  0.1752  0.8099    17.200   -78.975  -126.571  
 
 Match found in 1xny_c00     PROPIONYL-COA CARBOXYLASE COMPLEX B 
   Pattern 1xny_c00               Query structure     RMSD=  0.97 A  No. of residues =   3
   ------- -------                --------------- 
    A 183    GLY       matches     A 208    GLY  
    B 419    GLY       matches     A 260    GLY  
    B 420    ALA       matches     A 259    ALA  
  TRANSFORM   -0.0045  0.9641  0.2656 -0.8153  0.1502 -0.5591 -0.5790 -0.2191  0.7854   -13.063     6.189    68.009  
 
 Match found in 2odj_o01     PORIN D                             
   Pattern 2odj_o01               Query structure     RMSD=  0.97 A  No. of residues =   3
   ------- -------                --------------- 
    B 156    HIS       matches     A 389    HIS  
    B 208    ASP       matches     A 384    ASP  
    B 296    SER       matches     A 105    SER  
  TRANSFORM   -0.9048  0.0434  0.4237  0.0500 -0.9771  0.2069  0.4230  0.2084  0.8818    40.740    29.180    40.637  
 
 Match found in 1lio_c01     ADENOSINE KINASE                    
   Pattern 1lio_c01               Query structure     RMSD=  0.98 A  No. of residues =   3
   ------- -------                --------------- 
    A 316    ALA       matches     A 259    ALA  
    A 317    GLY       matches     A 260    GLY  
    A 318    ASP       matches     A 261    ASP  
  TRANSFORM    0.8714 -0.0640  0.4865  0.4904  0.1479 -0.8589 -0.0169  0.9869  0.1602    12.878    -3.594     4.571  
 
 Match found in 1tz3_c02     PUTATIVE SUGAR KINASE               
   Pattern 1tz3_c02               Query structure     RMSD=  0.98 A  No. of residues =   3
   ------- -------                --------------- 
    A 250    ALA       matches     A 415    ALA  
    A 251    GLY       matches     A 416    GLY  
    A 252    ASP       matches     A 104    ASP  
  TRANSFORM   -0.3902 -0.2122 -0.8959 -0.5853  0.8084  0.0635  0.7108  0.5491 -0.4396    -4.907    33.668     2.549  
 
 Match found in 2tdt_c00     TETRAHYDRODIPICOLINATE N-SUCCINYLTRA
   Pattern 2tdt_c00               Query structure     RMSD=  0.98 A  No. of residues =   3
   ------- -------                --------------- 
      141    ASP       matches     A 553    ASP  
      166    GLY       matches     A 561    GLY  
      169    GLU       matches     A 572    GLU  
  TRANSFORM    0.6704 -0.4241 -0.6089  0.6947  0.0702  0.7159 -0.2608 -0.9029  0.3417    34.554   -61.501  -129.457  
 
 Match found in 1xny_c00     PROPIONYL-COA CARBOXYLASE COMPLEX B 
   Pattern 1xny_c00               Query structure     RMSD=  0.98 A  No. of residues =   3
   ------- -------                --------------- 
    A 183    GLY       matches     A 359    GLY  
    B 419    GLY       matches     A 360    GLY  
    B 420    ALA       matches     A 361    ALA  
  TRANSFORM    0.4321 -0.3958 -0.8103  0.3283  0.9059 -0.2674  0.8400 -0.1504  0.5214    11.708    28.905   -15.605  
 
 Match found in 1mro_c00     METHYL-COENZYME M REDUCTASE         
   Pattern 1mro_c00               Query structure     RMSD=  0.98 A  No. of residues =   3
   ------- -------                --------------- 
    A 465    GLY       matches     A 360    GLY  
    A 501    ASP       matches     A   7    ASP  
    B 367    TYR       matches     A 207    TYR  
  TRANSFORM    0.1808 -0.8425 -0.5074 -0.2619 -0.5385  0.8009 -0.9480 -0.0119 -0.3180    41.092    88.762    11.567  
 
 Match found in 1grc_c03     GLYCINAMIDE RIBONUCLEOTIDE TRANSFORM
   Pattern 1grc_c03               Query structure     RMSD=  1.00 A  No. of residues =   3
   ------- -------                --------------- 
    B 106    ASN       matches     A 367    ASN  
    B 108    HIS       matches     A 419    HIS  
    B 144    ASP       matches     A 100    ASP  
  TRANSFORM    0.0468 -0.9707 -0.2358 -0.9147 -0.1365  0.3804 -0.4015  0.1978 -0.8943    86.454    29.353   145.204  
 
 Match found in 1bfd_c00     BENZOYLFORMATE DECARBOXYLASE        
   Pattern 1bfd_c00               Query structure     RMSD=  1.00 A  No. of residues =   3
   ------- -------                --------------- 
       28    GLU       matches     A  74    GLU  
       70    HIS       matches     A  69    HIS  
      281    HIS       matches     A 528    HIS  
  TRANSFORM    0.0993  0.6386 -0.7632  0.3050 -0.7495 -0.5875 -0.9472 -0.1745 -0.2692    21.328    37.627    54.356  
 
 Match found in 4mdh_c02     CYTOPLASMIC MALATE DEHYDROGENASE (E.
   Pattern 4mdh_c02               Query structure     RMSD=  1.01 A  No. of residues =   3
   ------- -------                --------------- 
    A 158    ASP       matches     A 446    ASP  
    A 161    ARG       matches     A 449    ARG  
    A 186    HIS       matches     A 366    HIS  
  TRANSFORM    0.8813 -0.4443  0.1610 -0.2101 -0.6735 -0.7087  0.4233  0.5908 -0.6869   -16.132    18.497    27.393  
 
 Match found in 1ef8_c02     METHYLMALONYL COA DECARBOXYLASE     
   Pattern 1ef8_c02               Query structure     RMSD=  1.01 A  No. of residues =   3
   ------- -------                --------------- 
    C  66    HIS       matches     A 267    HIS  
    C 110    GLY       matches     A 269    GLY  
    C 140    TYR       matches     A 373    TYR  
  TRANSFORM    0.7035 -0.7106  0.0142 -0.2827 -0.2981 -0.9117  0.6521  0.6374 -0.4106    22.266  -113.109  -147.255  
 
 Match found in 1xny_c01     PROPIONYL-COA CARBOXYLASE COMPLEX B 
   Pattern 1xny_c01               Query structure     RMSD=  1.01 A  No. of residues =   3
   ------- -------                --------------- 
    A 420    ALA       matches     A 304    ALA  
    B 182    GLY       matches     A 222    GLY  
    B 183    GLY       matches     A 223    GLY  
  TRANSFORM    0.1033  0.9139  0.3926  0.2963  0.3485 -0.8892 -0.9495  0.2082 -0.2348    98.806    63.552    -6.359  
 
 Match found in 1xva_c03     GLYCINE N-METHYLTRANSFERASE         
   Pattern 1xva_c03               Query structure     RMSD=  1.02 A  No. of residues =   3
   ------- -------                --------------- 
    B 137    GLY       matches     A 360    GLY  
    B 175    ARG       matches     A 449    ARG  
    B 242    TYR       matches     A  60    TYR  
  TRANSFORM   -0.8397 -0.0778  0.5374  0.2234  0.8525  0.4726 -0.4949  0.5169 -0.6985     9.523     1.876    34.891  
 
 Match found in 2odj_o00     PORIN D                             
   Pattern 2odj_o00               Query structure     RMSD=  1.03 A  No. of residues =   3
   ------- -------                --------------- 
    A 156    HIS       matches     A 389    HIS  
    A 208    ASP       matches     A 167    ASP  
    A 296    SER       matches     A 128    SER  
  TRANSFORM   -0.5224 -0.6711  0.5260 -0.6539 -0.0807 -0.7523  0.5473 -0.7369 -0.3967    18.174    33.148     1.391  
 
 Match found in 1rgq_c01     NS4A PEPTIDE                        
   Pattern 1rgq_c01               Query structure     RMSD=  1.03 A  No. of residues =   3
   ------- -------                --------------- 
    B  60    HIS       matches     A 163    HIS  
    B  84    ASP       matches     A 160    ASP  
    B 140    GLY       matches     A 438    GLY  
  TRANSFORM    0.1902 -0.8816  0.4320 -0.9648 -0.0865  0.2483 -0.1815 -0.4640 -0.8670    86.679    27.590   162.278  
 
 Match found in 1bfd_c00     BENZOYLFORMATE DECARBOXYLASE        
   Pattern 1bfd_c00               Query structure     RMSD=  1.03 A  No. of residues =   3
   ------- -------                --------------- 
       28    GLU       matches     A  74    GLU  
       70    HIS       matches     A  69    HIS  
      281    HIS       matches     A 419    HIS  
  TRANSFORM   -0.5233  0.8004  0.2923  0.6653  0.5981 -0.4468 -0.5325 -0.0394 -0.8455   -16.308    52.617    16.841  
 
 Match found in 2dw7_c32     BLL6730 PROTEIN                     
   Pattern 2dw7_c32               Query structure     RMSD=  1.05 A  No. of residues =   3
   ------- -------                --------------- 
    A 182    LYS       matches     A  89    LYS  
    A 184    LYS       matches     A  93    LYS  
    A 345    ASP       matches     A 499    ASP  
  TRANSFORM   -0.8442 -0.5072  0.1731  0.2410 -0.6477 -0.7228  0.4788 -0.5685  0.6691    16.368    26.824     5.097  
 
 Match found in 1ldm_c01     M4 LACTATE DEHYDROGENASE            
   Pattern 1ldm_c01               Query structure     RMSD=  1.07 A  No. of residues =   3
   ------- -------                --------------- 
      166    ASP       matches     A 446    ASP  
      169    ARG       matches     A 449    ARG  
      193    HIS       matches     A 366    HIS  
  TRANSFORM   -0.0231  0.7439  0.6678  0.2043 -0.6504  0.7316  0.9786  0.1533 -0.1370    13.196    22.016   -29.967  
 
 Match found in 1qgx_c02     3',5'-ADENOSINE BISPHOSPHATASE      
   Pattern 1qgx_c02               Query structure     RMSD=  1.08 A  No. of residues =   3
   ------- -------                --------------- 
    A  49    ASP       matches     A 202    ASP  
    A 147    THR       matches     A 198    THR  
    A 294    ASP       matches     A 261    ASP  
  TRANSFORM    0.9899  0.0519  0.1319 -0.1405  0.4820  0.8649 -0.0186 -0.8746  0.4844   -21.009    46.880    23.787  
 
 Match found in 1ddj_c15     PLASMINOGEN                         
   Pattern 1ddj_c15               Query structure     RMSD=  1.08 A  No. of residues =   3
   ------- -------                --------------- 
    D 603    HIS       matches     A 331    HIS  
    D 646    ASP       matches     A 336    ASP  
    D 739    GLY       matches     A 513    GLY  
  TRANSFORM   -0.1813 -0.1781  0.9672 -0.7798  0.6253 -0.0310 -0.5992 -0.7598 -0.2523    58.628   -29.182    31.808  
 
 Match found in 1bwp_c01     PLATELET-ACTIVATING FACTOR ACETYLHYD
   Pattern 1bwp_c01               Query structure     RMSD=  1.08 A  No. of residues =   3
   ------- -------                --------------- 
      104    ASN       matches     A 182    ASN  
      192    ASP       matches     A  70    ASP  
      195    HIS       matches     A  73    HIS  
  TRANSFORM   -0.0968  0.5637  0.8203  0.5767  0.7035 -0.4154 -0.8112  0.4328 -0.3931    26.418    17.599    21.175  
 
 Match found in 2p3i_p00     VP4                                 
   Pattern 2p3i_p00               Query structure     RMSD=  1.10 A  No. of residues =   3
   ------- -------                --------------- 
    A 101    ARG       matches     A 417    ARG  
    A 188    TYR       matches     A 425    TYR  
    A 190    SER       matches     A  99    SER  
  TRANSFORM   -0.1926 -0.3479 -0.9175  0.7174 -0.6879  0.1102 -0.6695 -0.6370  0.3821    12.431    13.700     6.319  
 
 Match found in 1emh_d00     HYDROLASE/DNA                       
   Pattern 1emh_d00               Query structure     RMSD=  1.10 A  No. of residues =   3
   ------- -------                --------------- 
    A 271    PRO       matches     A 456    PRO  
    A 272    LEU       matches     A 500    LEU  
    A 276    ARG       matches     A 451    ARG  
  TRANSFORM   -0.0835  0.6364 -0.7668 -0.8305 -0.4697 -0.2994 -0.5507  0.6118  0.5678     1.969    64.532    81.355  
 
 Match found in 2v3r_p00     EXOGLUCANASE 1                      
   Pattern 2v3r_p00               Query structure     RMSD=  1.10 A  No. of residues =   3
   ------- -------                --------------- 
    A 270    ASN       matches     A 145    ASN  
    A 384    ASN       matches     A 437    ASN  
    A 385    GLU       matches     A 133    GLU  
  TRANSFORM   -0.2575 -0.0272  0.9659 -0.7887  0.5835 -0.1938 -0.5583 -0.8117 -0.1717     3.057    25.517    27.932  
 
 Match found in 1ds2_c02     PROTEINASE B (SGPB                  
   Pattern 1ds2_c02               Query structure     RMSD=  1.10 A  No. of residues =   3
   ------- -------                --------------- 
    E  57    HIS       matches     A 366    HIS  
    E 102    ASP       matches     A 446    ASP  
    E 193    GLY       matches     A 114    GLY  
  TRANSFORM    0.6943  0.2269 -0.6830  0.7197 -0.2196  0.6586 -0.0006 -0.9488 -0.3157    18.126     3.013    36.250  
 
 Match found in 2odj_o00     PORIN D                             
   Pattern 2odj_o00               Query structure     RMSD=  1.11 A  No. of residues =   3
   ------- -------                --------------- 
    A 156    HIS       matches     A 389    HIS  
    A 208    ASP       matches     A 384    ASP  
    A 296    SER       matches     A 105    SER  
  TRANSFORM    0.3177  0.0928 -0.9437 -0.9268 -0.1799 -0.3297 -0.2003  0.9793  0.0288   134.036    28.471    -6.675  
 
 Match found in 1lij_c01     ADENOSINE KINASE                    
   Pattern 1lij_c01               Query structure     RMSD=  1.11 A  No. of residues =   3
   ------- -------                --------------- 
    A 316    ALA       matches     A 259    ALA  
    A 317    GLY       matches     A 260    GLY  
    A 318    ASP       matches     A 261    ASP  
  TRANSFORM   -0.5918 -0.8057 -0.0250 -0.4301  0.2894  0.8551 -0.6817  0.5168 -0.5178    -3.874    23.311    33.597  
 
 Match found in 1inp_c02     INOSITOL POLYPHOSPHATE 1-PHOSPHATASE
   Pattern 1inp_c02               Query structure     RMSD=  1.11 A  No. of residues =   3
   ------- -------                --------------- 
       54    ASP       matches     A 202    ASP  
      158    THR       matches     A 198    THR  
      317    ASP       matches     A 261    ASP  
  TRANSFORM   -0.9264  0.3054 -0.2204  0.3726  0.8288 -0.4175  0.0552 -0.4689 -0.8815   -33.243    65.205   144.708  
 
 Match found in 2dw7_c36     BLL6730 PROTEIN                     
   Pattern 2dw7_c36               Query structure     RMSD=  1.11 A  No. of residues =   3
   ------- -------                --------------- 
    E 182    LYS       matches     A  89    LYS  
    E 184    LYS       matches     A  93    LYS  
    E 345    ASP       matches     A 499    ASP  
  TRANSFORM    0.4864 -0.7310  0.4786  0.0587  0.5738  0.8169 -0.8718 -0.3692  0.3220   -16.608   -13.469    44.158  
 
 Match found in 1qrz_c12     PLASMINOGEN                         
   Pattern 1qrz_c12               Query structure     RMSD=  1.12 A  No. of residues =   3
   ------- -------                --------------- 
    A 603    HIS       matches     A 435    HIS  
    A 646    ASP       matches     A 251    ASP  
    A 741    SER       matches     A 393    SER  
  TRANSFORM    0.4606 -0.5491  0.6974 -0.1053 -0.8140 -0.5713  0.8813  0.1897 -0.4328   -12.031     8.553    76.293  
 
 Match found in 2odj_o01     PORIN D                             
   Pattern 2odj_o01               Query structure     RMSD=  1.12 A  No. of residues =   3
   ------- -------                --------------- 
    B 156    HIS       matches     A 389    HIS  
    B 208    ASP       matches     A 167    ASP  
    B 296    SER       matches     A 128    SER  
  TRANSFORM   -0.4125 -0.7540 -0.5111  0.8366 -0.0915 -0.5402  0.3605 -0.6504  0.6686    45.387    31.899    34.285  
 
 Match found in 1opm_c00    	 1.14.17.0003                       
   Pattern 1opm_c00               Query structure     RMSD=  1.12 A  No. of residues =   3
   ------- -------                --------------- 
    A 108    HIS       matches     A 267    HIS  
    A 170    GLN       matches     A 112    GLN  
    A 242    HIS       matches     A 366    HIS  
  TRANSFORM    0.1723  0.8118  0.5579 -0.9378  0.3085 -0.1593 -0.3015 -0.4957  0.8145    13.335   -13.713   -36.975  
 
 Match found in 1tz3_c03     PUTATIVE SUGAR KINASE               
   Pattern 1tz3_c03               Query structure     RMSD=  1.12 A  No. of residues =   3
   ------- -------                --------------- 
    B 250    ALA       matches     A 259    ALA  
    B 251    GLY       matches     A 260    GLY  
    B 252    ASP       matches     A 261    ASP  
  TRANSFORM    0.0015  0.4976  0.8674  0.9864  0.1417 -0.0830 -0.1642  0.8557 -0.4906   -19.450    31.983    68.214  
 
 Match found in 1ehy_c02     SOLUBLE EPOXIDE HYDROLASE           
   Pattern 1ehy_c02               Query structure     RMSD=  1.12 A  No. of residues =   3
   ------- -------                --------------- 
    C 107    ASP       matches     A 439    ASP  
    C 246    ASP       matches     A 159    ASP  
    C 275    HIS       matches     A 163    HIS  
  TRANSFORM   -0.2017  0.6576  0.7259 -0.4877 -0.7101  0.5078  0.8494 -0.2516  0.4640    21.221    62.089    81.003  
 
 Match found in 2v3r_p00     EXOGLUCANASE 1                      
   Pattern 2v3r_p00               Query structure     RMSD=  1.13 A  No. of residues =   3
   ------- -------                --------------- 
    A 270    ASN       matches     A 377    ASN  
    A 384    ASN       matches     A 282    ASN  
    A 385    GLU       matches     A 234    GLU  
  TRANSFORM   -0.6209 -0.6148  0.4864  0.6728 -0.7363 -0.0719  0.4023  0.2826  0.8708   -34.202    29.161    62.406  
 
 Match found in 2z3x_d00     DNA BINDING PROTEIN/DNA             
   Pattern 2z3x_d00               Query structure     RMSD=  1.13 A  No. of residues =   3
   ------- -------                --------------- 
    B  34    SER       matches     A 105    SER  
    B  37    ASN       matches     A 106    ASN  
    B  45    THR       matches     A 372    THR  
  TRANSFORM    0.1592  0.0829  0.9837 -0.5659  0.8241  0.0221 -0.8089 -0.5603  0.1782    43.666    26.363    12.737  
 
 Match found in 1uok_c05     OLIGO-1,6-GLUCOSIDASE               
   Pattern 1uok_c05               Query structure     RMSD=  1.13 A  No. of residues =   3
   ------- -------                --------------- 
      199    ASP       matches     A 446    ASP  
      242    GLU       matches     A  57    GLU  
      329    ASP       matches     A 441    ASP  
  TRANSFORM    0.2722 -0.5695  0.7756 -0.6472  0.4881  0.5855 -0.7121 -0.6613 -0.2357     6.009    -9.143    19.463  
 
 Match found in 1emd_c01     MALATE DEHYDROGENASE (E.C.1.1.1.37) 
   Pattern 1emd_c01               Query structure     RMSD=  1.14 A  No. of residues =   3
   ------- -------                --------------- 
      150    ASP       matches     A 446    ASP  
      153    ARG       matches     A 449    ARG  
      177    HIS       matches     A 366    HIS  
  TRANSFORM   -0.0200 -0.4036 -0.9147  0.2623  0.8807 -0.3943  0.9648 -0.2478  0.0883    68.458    41.865    56.499  
 
 Match found in 1a0j_c13     TRYPSIN                             
   Pattern 1a0j_c13               Query structure     RMSD=  1.14 A  No. of residues =   3
   ------- -------                --------------- 
    B  57    HIS       matches     A 163    HIS  
    B 102    ASP       matches     A 160    ASP  
    B 193    GLY       matches     A 438    GLY  
  TRANSFORM   -0.6140  0.2236  0.7570 -0.7743 -0.3566 -0.5227  0.1531 -0.9071  0.3920    12.919    21.230   -18.975  
 
 Match found in 1rgq_c01     NS4A PEPTIDE                        
   Pattern 1rgq_c01               Query structure     RMSD=  1.14 A  No. of residues =   3
   ------- -------                --------------- 
    B  60    HIS       matches     A 366    HIS  
    B  84    ASP       matches     A 446    ASP  
    B 140    GLY       matches     A 114    GLY  
  TRANSFORM   -0.0548 -0.8218  0.5671 -0.9743  0.1684  0.1499 -0.2187 -0.5443 -0.8099    10.949    19.460    49.811  
 
 Match found in 1ds2_c02     PROTEINASE B (SGPB                  
   Pattern 1ds2_c02               Query structure     RMSD=  1.14 A  No. of residues =   3
   ------- -------                --------------- 
    E  57    HIS       matches     A 163    HIS  
    E 102    ASP       matches     A 160    ASP  
    E 193    GLY       matches     A 438    GLY  
  TRANSFORM    0.6628  0.2230 -0.7148  0.2574 -0.9643 -0.0621 -0.7031 -0.1428 -0.6966    69.372    57.484    76.866  
 
 Match found in 1joa_c00     NADH PEROXIDASE                     
   Pattern 1joa_c00               Query structure     RMSD=  1.15 A  No. of residues =   3
   ------- -------                --------------- 
       10    HIS       matches     A 366    HIS  
       41    SER       matches     A 111    SER  
      303    ARG       matches     A 363    ARG  
  TRANSFORM    0.3820 -0.9002  0.2091 -0.4488  0.0171  0.8935 -0.8079 -0.4351 -0.3974    25.933    52.731   -49.671  
 
 Match found in 1mro_c01     METHYL-COENZYME M REDUCTASE         
   Pattern 1mro_c01               Query structure     RMSD=  1.15 A  No. of residues =   3
   ------- -------                --------------- 
    D 465    GLY       matches     A 360    GLY  
    D 501    ASP       matches     A 511    ASP  
    E 367    TYR       matches     A 207    TYR  
  TRANSFORM   -0.3405 -0.8940 -0.2913  0.4848  0.0985 -0.8691  0.8056 -0.4372  0.3999    47.607    53.229    52.332  
 
 Match found in 1a0j_c13     TRYPSIN                             
   Pattern 1a0j_c13               Query structure     RMSD=  1.15 A  No. of residues =   3
   ------- -------                --------------- 
    B  57    HIS       matches     A 366    HIS  
    B 102    ASP       matches     A 446    ASP  
    B 193    GLY       matches     A 114    GLY  
  TRANSFORM   -0.2263 -0.5820 -0.7810 -0.6728  0.6732 -0.3068  0.7044  0.4560 -0.5440    51.414    47.722    60.103  
 
 Match found in 2pth_c00     PEPTIDYL-TRNA HYDROLASE             
   Pattern 2pth_c00               Query structure     RMSD=  1.15 A  No. of residues =   3
   ------- -------                --------------- 
       10    ASN       matches     A 367    ASN  
       20    HIS       matches     A 419    HIS  
       93    ASP       matches     A 104    ASP  
  TRANSFORM    0.1010  0.5035  0.8580 -0.4025 -0.7681  0.4981  0.9099 -0.3956  0.1251    19.433     8.802    14.460  
 
 Match found in 3cla_c00     TYPE III CHLORAMPHENICOL ACETYLTRANS
   Pattern 3cla_c00               Query structure     RMSD=  1.16 A  No. of residues =   3
   ------- -------                --------------- 
       18    ARG       matches     A 263    ARG  
      195    HIS       matches     A 209    HIS  
      199    ASP       matches     A 261    ASP  
  TRANSFORM    0.6863  0.5550  0.4702  0.2235  0.4542 -0.8624 -0.6922  0.6969  0.1877   -27.093    51.044    45.587  
 
 Match found in 1ddj_c15     PLASMINOGEN                         
   Pattern 1ddj_c15               Query structure     RMSD=  1.16 A  No. of residues =   3
   ------- -------                --------------- 
    D 603    HIS       matches     A 419    HIS  
    D 646    ASP       matches     A 104    ASP  
    D 739    GLY       matches     A 114    GLY  
  TRANSFORM    0.9983  0.0579 -0.0053  0.0461 -0.8437 -0.5349 -0.0355  0.5337 -0.8449    14.185   -15.640   -11.547  
 
 Match found in 1tz3_c02     PUTATIVE SUGAR KINASE               
   Pattern 1tz3_c02               Query structure     RMSD=  1.16 A  No. of residues =   3
   ------- -------                --------------- 
    A 250    ALA       matches     A 259    ALA  
    A 251    GLY       matches     A 260    GLY  
    A 252    ASP       matches     A 261    ASP  
  TRANSFORM    0.6714 -0.6228  0.4016  0.6908  0.7222 -0.0350 -0.2683  0.3010  0.9151    47.864    14.352   -19.677  
 
 Match found in 1oqz_c01     GLUTARYL ACYLASE                    
   Pattern 1oqz_c01               Query structure     RMSD=  1.16 A  No. of residues =   3
   ------- -------                --------------- 
    B 170    SER       matches     A  82    SER  
    B 239    VAL       matches     A 493    VAL  
    B 413    ASN       matches     A  80    ASN  
  TRANSFORM    0.4320 -0.5587 -0.7079  0.8867  0.4063  0.2205  0.1645 -0.7230  0.6710    84.446    47.873    35.435  
 
 Match found in 4dqk_o00     BIFUNCTIONAL P-450/NADPH-P450 REDUCT
   Pattern 4dqk_o00               Query structure     RMSD=  1.16 A  No. of residues =   3
   ------- -------                --------------- 
    A 966    SER       matches     A 358    SER  
    A 967    ARG       matches     A 363    ARG  
    A 975    TYR       matches     A  60    TYR  
  TRANSFORM    0.9806  0.1229 -0.1527 -0.0474 -0.6074 -0.7930 -0.1903  0.7848 -0.5898    -6.609     7.466     2.174  
 
 Match found in 1qrz_c14     PLASMINOGEN                         
   Pattern 1qrz_c14               Query structure     RMSD=  1.16 A  No. of residues =   3
   ------- -------                --------------- 
    C 603    HIS       matches     A 435    HIS  
    C 646    ASP       matches     A 251    ASP  
    C 741    SER       matches     A 393    SER  
  TRANSFORM   -0.4212 -0.7055  0.5700 -0.0422  0.6430  0.7647 -0.9060  0.2980 -0.3006    17.461    47.663     3.706  
 
 Match found in 2dw7_c41     BLL6730 PROTEIN                     
   Pattern 2dw7_c41               Query structure     RMSD=  1.16 A  No. of residues =   3
   ------- -------                --------------- 
    J 182    LYS       matches     A  89    LYS  
    J 184    LYS       matches     A  93    LYS  
    J 345    ASP       matches     A 499    ASP  
  TRANSFORM    0.5238  0.6150 -0.5895  0.6768  0.1198  0.7263  0.5173 -0.7794 -0.3535    33.249   -33.897   110.424  
 
 Match found in 2dw7_c45     BLL6730 PROTEIN                     
   Pattern 2dw7_c45               Query structure     RMSD=  1.17 A  No. of residues =   3
   ------- -------                --------------- 
    N 182    LYS       matches     A  89    LYS  
    N 184    LYS       matches     A  93    LYS  
    N 345    ASP       matches     A 499    ASP  
  TRANSFORM   -0.9793 -0.1840  0.0842 -0.1850  0.6457 -0.7409  0.0820 -0.7411 -0.6664     6.986    20.818   119.994  
 
 Match found in 1a0j_c15     TRYPSIN                             
   Pattern 1a0j_c15               Query structure     RMSD=  1.17 A  No. of residues =   3
   ------- -------                --------------- 
    D  57    HIS       matches     A 163    HIS  
    D 102    ASP       matches     A 160    ASP  
    D 193    GLY       matches     A 438    GLY  
  TRANSFORM    0.5498 -0.5977 -0.5834 -0.0011  0.6980 -0.7161  0.8353  0.3944  0.3831    12.767    27.054   -16.046  
 
 Match found in 1mro_c00     METHYL-COENZYME M REDUCTASE         
   Pattern 1mro_c00               Query structure     RMSD=  1.17 A  No. of residues =   3
   ------- -------                --------------- 
    A 465    GLY       matches     A 360    GLY  
    A 501    ASP       matches     A 511    ASP  
    B 367    TYR       matches     A 207    TYR  
  TRANSFORM   -0.5881 -0.4341  0.6824 -0.7750  0.0612 -0.6290  0.2314 -0.8988 -0.3724     9.116    67.758   112.635  
 
 Match found in 2v3r_p00     EXOGLUCANASE 1                      
   Pattern 2v3r_p00               Query structure     RMSD=  1.17 A  No. of residues =   3
   ------- -------                --------------- 
    A 270    ASN       matches     A 367    ASN  
    A 384    ASN       matches     A 434    ASN  
    A 385    GLU       matches     A 390    GLU  
  TRANSFORM   -0.6775  0.6287 -0.3818  0.6857  0.7276 -0.0187  0.2661 -0.2745 -0.9240    57.060    48.272    74.458  
 
 Match found in 1oqz_c00     GLUTARYL ACYLASE                    
   Pattern 1oqz_c00               Query structure     RMSD=  1.17 A  No. of residues =   3
   ------- -------                --------------- 
    A 170    SER       matches     A  82    SER  
    A 239    VAL       matches     A 493    VAL  
    A 413    ASN       matches     A  80    ASN  
  TRANSFORM   -0.1792 -0.9590  0.2196  0.3594  0.1439  0.9220 -0.9158  0.2442  0.3189   -10.126    45.400    30.550  
 
 Match found in 1ir3_c02     INSULIN RECEPTOR                    
   Pattern 1ir3_c02               Query structure     RMSD=  1.17 A  No. of residues =   3
   ------- -------                --------------- 
    A1132    ASP       matches     A 212    ASP  
    A1134    ALA       matches     A 214    ALA  
    A1137    ASN       matches     A 215    ASN  
  TRANSFORM    0.1891  0.7257 -0.6616  0.8420 -0.4664 -0.2710 -0.5052 -0.5058 -0.6992    37.650    59.179   -51.688  
 
 Match found in 1mro_c01     METHYL-COENZYME M REDUCTASE         
   Pattern 1mro_c01               Query structure     RMSD=  1.17 A  No. of residues =   3
   ------- -------                --------------- 
    D 465    GLY       matches     A 326    GLY  
    D 501    ASP       matches     A 534    ASP  
    E 367    TYR       matches     A 492    TYR  
  TRANSFORM   -0.5611  0.7932 -0.2368 -0.6662 -0.2630  0.6978  0.4912  0.5493  0.6760    14.988    13.925   -13.680  
 
 Match found in 1mro_c00     METHYL-COENZYME M REDUCTASE         
   Pattern 1mro_c00               Query structure     RMSD=  1.18 A  No. of residues =   3
   ------- -------                --------------- 
    A 465    GLY       matches     A 326    GLY  
    A 501    ASP       matches     A 534    ASP  
    B 367    TYR       matches     A 492    TYR  
  TRANSFORM    0.0624 -0.9980 -0.0089  0.7182  0.0511 -0.6940  0.6931  0.0369  0.7199     0.601    19.860    39.559  
 
 Match found in 2odj_o00     PORIN D                             
   Pattern 2odj_o00               Query structure     RMSD=  1.18 A  No. of residues =   3
   ------- -------                --------------- 
    A 156    HIS       matches     A 528    HIS  
    A 208    ASP       matches     A 539    ASP  
    A 296    SER       matches     A 111    SER  
  TRANSFORM    0.5101  0.7787  0.3652 -0.8166  0.5718 -0.0787 -0.2701 -0.2581  0.9276    -8.629    23.640   -10.617  
 
 Match found in 2tdt_c00     TETRAHYDRODIPICOLINATE N-SUCCINYLTRA
   Pattern 2tdt_c00               Query structure     RMSD=  1.18 A  No. of residues =   3
   ------- -------                --------------- 
      141    ASP       matches     A 384    ASP  
      166    GLY       matches     A 416    GLY  
      169    GLU       matches     A 579    GLU  
  TRANSFORM    0.9744  0.0857 -0.2081 -0.1125 -0.6151 -0.7804 -0.1949  0.7838 -0.5897   -59.583     8.307    40.447  
 
 Match found in 1qrz_c15     PLASMINOGEN                         
   Pattern 1qrz_c15               Query structure     RMSD=  1.18 A  No. of residues =   3
   ------- -------                --------------- 
    D 603    HIS       matches     A 435    HIS  
    D 646    ASP       matches     A 251    ASP  
    D 741    SER       matches     A 393    SER  
  TRANSFORM   -0.9428  0.3320  0.0292 -0.0718 -0.1166 -0.9906 -0.3255 -0.9360  0.1338     5.226    22.967    96.061  
 
 Match found in 1a0j_c15     TRYPSIN                             
   Pattern 1a0j_c15               Query structure     RMSD=  1.18 A  No. of residues =   3
   ------- -------                --------------- 
    D  57    HIS       matches     A 366    HIS  
    D 102    ASP       matches     A 446    ASP  
    D 193    GLY       matches     A 114    GLY  
  TRANSFORM    0.6190 -0.2816  0.7332 -0.7755 -0.3668  0.5138  0.1243 -0.8867 -0.4454    15.770    34.196    83.521  
 
 Match found in 1a0j_c12     TRYPSIN                             
