******************************************************* user.XUMS **************************************************************
  TRANSFORM    0.3309  0.9401 -0.0818  0.4608 -0.2366 -0.8554 -0.8235  0.2453 -0.5115    -3.283   -27.195    27.122  
 
 Match found in 1l7d_c00     NICOTINAMIDE NUCLEOTIDE TRANSHYDROGE
   Pattern 1l7d_c00               Query structure     RMSD=  1.14 A  No. of residues =   4
   ------- -------                --------------- 
    A 127    ARG       matches     A 320    ARG  
    A 132    GLN       matches     A 465    GLN  
    A 135    ASP       matches     A 467    ASP  
    A 138    SER       matches     A 462    SER  
  TRANSFORM    0.7103 -0.6049  0.3600  0.5690  0.7945  0.2122 -0.4144  0.0541  0.9085    -0.508   -18.854    31.110  
 
 Match found in 1euu_c00     SIALIDASE                           
   Pattern 1euu_c00               Query structure     RMSD=  0.66 A  No. of residues =   3
   ------- -------                --------------- 
       92    ASP       matches     A 316    ASP  
      260    GLU       matches     A 518    GLU  
      370    TYR       matches     A 534    TYR  
  TRANSFORM    0.5991  0.2660  0.7552 -0.0809  0.9585 -0.2734 -0.7966  0.1027  0.5958     1.791     8.645    44.931  
 
 Match found in 1sll_c00     SIALIDASE L                         
   Pattern 1sll_c00               Query structure     RMSD=  0.70 A  No. of residues =   3
   ------- -------                --------------- 
      318    ASP       matches     A 316    ASP  
      595    GLU       matches     A 518    GLU  
      713    TYR       matches     A 534    TYR  
  TRANSFORM    0.1746  0.9613  0.2129  0.4149  0.1242 -0.9013 -0.8929  0.2457 -0.3772    26.305    49.467    66.774  
 
 Match found in 1m53_c06     ISOMALTULOSE SYNTHASE               
   Pattern 1m53_c06               Query structure     RMSD=  0.82 A  No. of residues =   3
   ------- -------                --------------- 
    A 241    ASP       matches     A 246    ASP  
    A 279    GLU       matches     A 312    GLU  
    A 369    ASP       matches     A 366    ASP  
  TRANSFORM    0.5688 -0.8094 -0.1458 -0.4740 -0.1777 -0.8624  0.6721  0.5597 -0.4848     7.087    14.399    21.710  
 
 Match found in 1nu3_c01     LIMONENE-1,2-EPOXIDE HYDROLASE      
   Pattern 1nu3_c01               Query structure     RMSD=  0.82 A  No. of residues =   3
   ------- -------                --------------- 
    B  99    ARG       matches     A 320    ARG  
    B 101    ASP       matches     A 398    ASP  
    B 132    ASP       matches     A 345    ASP  
  TRANSFORM   -0.5461  0.8258  0.1411  0.5635  0.2375  0.7912  0.6199  0.5116 -0.5950    16.129    12.303    21.830  
 
 Match found in 1nu3_c00     LIMONENE-1,2-EPOXIDE HYDROLASE      
   Pattern 1nu3_c00               Query structure     RMSD=  0.82 A  No. of residues =   3
   ------- -------                --------------- 
    A  99    ARG       matches     A 320    ARG  
    A 101    ASP       matches     A 398    ASP  
    A 132    ASP       matches     A 345    ASP  
  TRANSFORM   -0.0612 -0.2143 -0.9749 -0.3001  0.9354 -0.1868  0.9519  0.2811 -0.1216   -18.006    18.071     5.817  
 
 Match found in 2tdt_c00     TETRAHYDRODIPICOLINATE N-SUCCINYLTRA
   Pattern 2tdt_c00               Query structure     RMSD=  0.83 A  No. of residues =   3
   ------- -------                --------------- 
      141    ASP       matches     A 145    ASP  
      166    GLY       matches     A 207    GLY  
      169    GLU       matches     A 312    GLU  
  TRANSFORM    0.5520 -0.8249 -0.1216 -0.4787 -0.1941 -0.8562  0.6827  0.5308 -0.5021     6.754    14.042    21.767  
 
 Match found in 1nww_c03     LIMONENE-1,2-EPOXIDE HYDROLASE      
   Pattern 1nww_c03               Query structure     RMSD=  0.84 A  No. of residues =   3
   ------- -------                --------------- 
    B  99    ARG       matches     A 320    ARG  
    B 101    ASP       matches     A 398    ASP  
    B 132    ASP       matches     A 345    ASP  
  TRANSFORM   -0.5428  0.8300  0.1283  0.5478  0.2341  0.8032  0.6365  0.5063 -0.5818    16.152    12.142    21.750  
 
 Match found in 1nww_c02     LIMONENE-1,2-EPOXIDE HYDROLASE      
   Pattern 1nww_c02               Query structure     RMSD=  0.85 A  No. of residues =   3
   ------- -------                --------------- 
    A  99    ARG       matches     A 320    ARG  
    A 101    ASP       matches     A 398    ASP  
    A 132    ASP       matches     A 345    ASP  
  TRANSFORM    0.6309  0.3032 -0.7142 -0.3843 -0.6775 -0.6271 -0.6740  0.6701 -0.3110     6.235    87.704    16.045  
 
 Match found in 2amg_c06     1,4-ALPHA-D-GLUCAN MALTOTETRAHYDROLA
   Pattern 2amg_c06               Query structure     RMSD=  0.90 A  No. of residues =   3
   ------- -------                --------------- 
      193    ASP       matches     A  91    ASP  
      231    ASP       matches     A 287    ASP  
      294    ASP       matches     A  86    ASP  
  TRANSFORM    0.4753 -0.4222 -0.7719 -0.8772 -0.2954 -0.3786 -0.0682  0.8570 -0.5107   -13.145     4.264    27.967  
 
 Match found in 3cla_c00     TYPE III CHLORAMPHENICOL ACETYLTRANS
   Pattern 3cla_c00               Query structure     RMSD=  0.93 A  No. of residues =   3
   ------- -------                --------------- 
       18    ARG       matches     A  69    ARG  
      195    HIS       matches     A  35    HIS  
      199    ASP       matches     A  36    ASP  
  TRANSFORM    0.4670  0.6780  0.5677 -0.1516  0.6939 -0.7039 -0.8712  0.2426  0.4268    -7.996     2.036    10.002  
 
 Match found in 2tdt_c00     TETRAHYDRODIPICOLINATE N-SUCCINYLTRA
   Pattern 2tdt_c00               Query structure     RMSD=  0.94 A  No. of residues =   3
   ------- -------                --------------- 
      141    ASP       matches     A 521    ASP  
      166    GLY       matches     A 160    GLY  
      169    GLU       matches     A 165    GLU  
  TRANSFORM    0.6840 -0.6209 -0.3830 -0.7094 -0.6885 -0.1507 -0.1701  0.3748 -0.9114    -9.756    68.897    33.700  
 
 Match found in 1amy_c05     ALPHA-1,4 GLYCAN-4-GLUCANOHYDROLASE 
   Pattern 1amy_c05               Query structure     RMSD=  0.96 A  No. of residues =   3
   ------- -------                --------------- 
      179    ASP       matches     A 316    ASP  
      204    GLU       matches     A 533    GLU  
      289    ASP       matches     A 287    ASP  
  TRANSFORM    0.3428 -0.8274  0.4449 -0.6816 -0.5449 -0.4883  0.6465 -0.1358 -0.7507    41.916   -88.196  -135.803  
 
 Match found in 1xny_c01     PROPIONYL-COA CARBOXYLASE COMPLEX B 
   Pattern 1xny_c01               Query structure     RMSD=  0.97 A  No. of residues =   3
   ------- -------                --------------- 
    A 420    ALA       matches     A 471    ALA  
    B 182    GLY       matches     A 530    GLY  
    B 183    GLY       matches     A 529    GLY  
  TRANSFORM    0.7987 -0.5297 -0.2856 -0.1091  0.3392 -0.9344  0.5918  0.7774  0.2132   -34.382    41.312    83.365  
 
 Match found in 2z3x_d00     DNA BINDING PROTEIN/DNA             
   Pattern 2z3x_d00               Query structure     RMSD=  1.00 A  No. of residues =   3
   ------- -------                --------------- 
    B  34    SER       matches     A  22    SER  
    B  37    ASN       matches     A 214    ASN  
    B  45    THR       matches     A 313    THR  
  TRANSFORM    0.3804 -0.7823 -0.4932 -0.8321 -0.0569 -0.5516  0.4035  0.6203 -0.6726    -8.516    40.084    51.227  
 
 Match found in 1ddj_c14     PLASMINOGEN                         
   Pattern 1ddj_c14               Query structure     RMSD=  1.00 A  No. of residues =   3
   ------- -------                --------------- 
    C 603    HIS       matches     A 143    HIS  
    C 646    ASP       matches     A 145    ASP  
    C 739    GLY       matches     A  92    GLY  
  TRANSFORM   -0.2320  0.8423  0.4866  0.9675  0.1479  0.2053  0.1009  0.5184 -0.8492   -15.580    11.676    60.268  
 
 Match found in 1cns_c00     CHITINASE                           
   Pattern 1cns_c00               Query structure     RMSD=  1.01 A  No. of residues =   3
   ------- -------                --------------- 
    A  67    GLU       matches     A 165    GLU  
    A  89    GLU       matches     A  94    GLU  
    A 120    SER       matches     A 148    SER  
  TRANSFORM    0.3226 -0.7981 -0.5088 -0.8323  0.0168 -0.5540  0.4507  0.6022 -0.6589    -6.753    41.932   -11.734  
 
 Match found in 1ddj_c12     PLASMINOGEN                         
   Pattern 1ddj_c12               Query structure     RMSD=  1.02 A  No. of residues =   3
   ------- -------                --------------- 
    A 603    HIS       matches     A 143    HIS  
    A 646    ASP       matches     A 145    ASP  
    A 739    GLY       matches     A  92    GLY  
  TRANSFORM   -0.3268  0.6566 -0.6798  0.8346 -0.1371 -0.5336 -0.4436 -0.7417 -0.5031    95.115    61.856    41.503  
 
 Match found in 1bf2_c00     ISOAMYLASE                          
   Pattern 1bf2_c00               Query structure     RMSD=  1.02 A  No. of residues =   3
   ------- -------                --------------- 
      375    ASP       matches     A 316    ASP  
      435    GLU       matches     A 533    GLU  
      510    ASP       matches     A 287    ASP  
  TRANSFORM   -0.8717  0.4740  0.1241  0.4855  0.8698  0.0877 -0.0663  0.1367 -0.9884    60.864   -14.137    67.771  
 
 Match found in 1cjy_c00     CYTOSOLIC PHOSPHOLIPASE A2          
   Pattern 1cjy_c00               Query structure     RMSD=  1.02 A  No. of residues =   3
   ------- -------                --------------- 
    A 198    GLY       matches     A 331    GLY  
    A 228    SER       matches     A 462    SER  
    A 549    ASP       matches     A 467    ASP  
  TRANSFORM    0.0071 -0.0659  0.9978  0.5055  0.8612  0.0532 -0.8628  0.5040  0.0394    -1.525    53.026   -15.719  
 
 Match found in 1ddj_c13     PLASMINOGEN                         
   Pattern 1ddj_c13               Query structure     RMSD=  1.04 A  No. of residues =   3
   ------- -------                --------------- 
    B 603    HIS       matches     A 143    HIS  
    B 646    ASP       matches     A 145    ASP  
    B 739    GLY       matches     A  92    GLY  
  TRANSFORM    0.0362  0.8305 -0.5558 -0.7149 -0.3671 -0.5951 -0.6983  0.4189  0.5804    54.207     8.757    62.750  
 
 Match found in 1cjy_c00     CYTOSOLIC PHOSPHOLIPASE A2          
   Pattern 1cjy_c00               Query structure     RMSD=  1.05 A  No. of residues =   3
   ------- -------                --------------- 
    A 198    GLY       matches     A 331    GLY  
    A 228    SER       matches     A 319    SER  
    A 549    ASP       matches     A 467    ASP  
  TRANSFORM    0.7537  0.3711  0.5424 -0.6570  0.4072  0.6344  0.0146 -0.8345  0.5507    49.082    91.203    15.708  
 
 Match found in 1aql_c03     BILE-SALT ACTIVATED LIPASE          
   Pattern 1aql_c03               Query structure     RMSD=  1.05 A  No. of residues =   3
   ------- -------                --------------- 
    B 194    SER       matches     A  25    SER  
    B 292    ASP       matches     A 138    ASP  
    B 322    HIS       matches     A  35    HIS  
  TRANSFORM    0.0863 -0.9131 -0.3985 -0.1698  0.3806 -0.9090  0.9817  0.1461 -0.1222    23.523    73.478    18.878  
 
 Match found in 1qho_c04     ALPHA-AMYLASE                       
   Pattern 1qho_c04               Query structure     RMSD=  1.06 A  No. of residues =   3
   ------- -------                --------------- 
    A 228    ASP       matches     A 316    ASP  
    A 256    GLU       matches     A 533    GLU  
    A 329    ASP       matches     A 287    ASP  
  TRANSFORM    0.4870  0.6729  0.5568  0.2892  0.4773 -0.8298 -0.8241  0.5651  0.0379    -8.274    -1.476     6.520  
 
 Match found in 2tdt_c00     TETRAHYDRODIPICOLINATE N-SUCCINYLTRA
   Pattern 2tdt_c00               Query structure     RMSD=  1.08 A  No. of residues =   3
   ------- -------                --------------- 
      141    ASP       matches     A 521    ASP  
      166    GLY       matches     A 161    GLY  
      169    GLU       matches     A 165    GLU  
  TRANSFORM    0.2848 -0.7876 -0.5464  0.7247 -0.1963  0.6606 -0.6275 -0.5841  0.5148    42.986    27.682    17.881  
 
 Match found in 1uok_c03     OLIGO-1,6-GLUCOSIDASE               
   Pattern 1uok_c03               Query structure     RMSD=  1.10 A  No. of residues =   3
   ------- -------                --------------- 
      199    ASP       matches     A 316    ASP  
      255    GLU       matches     A 533    GLU  
      329    ASP       matches     A 287    ASP  
  TRANSFORM    0.5787  0.2395  0.7795 -0.4977 -0.6535  0.5703  0.6461 -0.7180 -0.2590   -16.607    23.997    18.523  
 
 Match found in 1djl_c01     TRANSHYDROGENASE DIII               
   Pattern 1djl_c01               Query structure     RMSD=  1.10 A  No. of residues =   3
   ------- -------                --------------- 
    B 890    TYR       matches     A 460    TYR  
    B 925    ARG       matches     A 330    ARG  
    B1006    TYR       matches     A 409    TYR  
  TRANSFORM    0.8686  0.4752  0.1408 -0.2656  0.2065  0.9417  0.4184 -0.8553  0.3056     6.286    41.338    71.976  
 
 Match found in 1m53_c03     ISOMALTULOSE SYNTHASE               
   Pattern 1m53_c03               Query structure     RMSD=  1.10 A  No. of residues =   3
   ------- -------                --------------- 
    A 241    ASP       matches     A 316    ASP  
    A 295    GLU       matches     A 533    GLU  
    A 369    ASP       matches     A 287    ASP  
  TRANSFORM   -0.0568 -0.9250 -0.3758  0.9944 -0.0859  0.0612 -0.0889 -0.3702  0.9247    15.057   -65.208  -122.192  
 
 Match found in 1xny_c00     PROPIONYL-COA CARBOXYLASE COMPLEX B 
   Pattern 1xny_c00               Query structure     RMSD=  1.11 A  No. of residues =   3
   ------- -------                --------------- 
    A 183    GLY       matches     A 208    GLY  
    B 419    GLY       matches     A 207    GLY  
    B 420    ALA       matches     A 205    ALA  
  TRANSFORM    0.6514 -0.4451  0.6144 -0.5900 -0.8064  0.0413  0.4770 -0.3894 -0.7879    54.742    43.379    48.335  
 
 Match found in 1geq_c03     TRYPTOPHAN SYNTHASE ALPHA-SUBUNIT   
   Pattern 1geq_c03               Query structure     RMSD=  1.12 A  No. of residues =   3
   ------- -------                --------------- 
    B  36    GLU       matches     A 518    GLU  
    B  47    ASP       matches     A 316    ASP  
    B 161    TYR       matches     A 534    TYR  
  TRANSFORM    0.6627  0.7483 -0.0276 -0.6196  0.5272 -0.5815 -0.4206  0.4025  0.8131    29.106    17.017    78.339  
 
 Match found in 1geq_c02     TRYPTOPHAN SYNTHASE ALPHA-SUBUNIT   
   Pattern 1geq_c02               Query structure     RMSD=  1.12 A  No. of residues =   3
   ------- -------                --------------- 
    A  36    GLU       matches     A 518    GLU  
    A  47    ASP       matches     A 316    ASP  
    A 161    TYR       matches     A 534    TYR  
  TRANSFORM    0.0253 -0.9937 -0.1089  0.1328  0.1113 -0.9849  0.9908  0.0105  0.1347    21.434    44.738   -30.336  
 
 Match found in 1mro_c01     METHYL-COENZYME M REDUCTASE         
   Pattern 1mro_c01               Query structure     RMSD=  1.12 A  No. of residues =   3
   ------- -------                --------------- 
    D 465    GLY       matches     A 155    GLY  
    D 501    ASP       matches     A 145    ASP  
    E 367    TYR       matches     A 361    TYR  
  TRANSFORM   -0.2356 -0.0339  0.9713  0.5857  0.7926  0.1697 -0.7755  0.6088 -0.1669    -4.247    52.509    44.199  
 
 Match found in 1ddj_c15     PLASMINOGEN                         
   Pattern 1ddj_c15               Query structure     RMSD=  1.13 A  No. of residues =   3
   ------- -------                --------------- 
    D 603    HIS       matches     A 143    HIS  
    D 646    ASP       matches     A 145    ASP  
    D 739    GLY       matches     A  92    GLY  
  TRANSFORM   -0.2157  0.9595  0.1812 -0.1956 -0.2243  0.9547  0.9567  0.1705  0.2361    35.057   -89.372  -129.479  
 
 Match found in 1xny_c01     PROPIONYL-COA CARBOXYLASE COMPLEX B 
   Pattern 1xny_c01               Query structure     RMSD=  1.13 A  No. of residues =   3
   ------- -------                --------------- 
    A 420    ALA       matches     A 157    ALA  
    B 182    GLY       matches     A 539    GLY  
    B 183    GLY       matches     A 160    GLY  
  TRANSFORM   -0.6566 -0.6813 -0.3237  0.6641 -0.3186 -0.6764  0.3577 -0.6591  0.6616   -14.612    84.767    93.348  
 
 Match found in 1bd3_c01     URACIL PHOSPHORIBOSYLTRANSFERASE    
   Pattern 1bd3_c01               Query structure     RMSD=  1.13 A  No. of residues =   3
   ------- -------                --------------- 
    D 137    ARG       matches     A 215    ARG  
    D 141    THR       matches     A 305    THR  
    D 235    ASP       matches     A 170    ASP  
  TRANSFORM   -0.2208  0.9736  0.0573  0.9559  0.2277 -0.1853 -0.1935  0.0138 -0.9810   135.335    58.815   140.810  
 
 Match found in 1cjy_c01     CYTOSOLIC PHOSPHOLIPASE A2          
   Pattern 1cjy_c01               Query structure     RMSD=  1.13 A  No. of residues =   3
   ------- -------                --------------- 
    B1198    GLY       matches     A 331    GLY  
    B1228    SER       matches     A 462    SER  
    B1549    ASP       matches     A 467    ASP  
  TRANSFORM   -0.2281 -0.9642  0.1352  0.8722 -0.1407  0.4685 -0.4327  0.2248  0.8730    25.167    94.215    19.219  
 
 Match found in 2amg_c02     1,4-ALPHA-D-GLUCAN MALTOTETRAHYDROLA
   Pattern 2amg_c02               Query structure     RMSD=  1.14 A  No. of residues =   3
   ------- -------                --------------- 
      193    ASP       matches     A 316    ASP  
      219    GLU       matches     A 533    GLU  
      294    ASP       matches     A 287    ASP  
  TRANSFORM   -0.6110  0.2885 -0.7372 -0.6094 -0.7658  0.2054 -0.5053  0.5747  0.6438   147.831    77.245   130.892  
 
 Match found in 1cjy_c01     CYTOSOLIC PHOSPHOLIPASE A2          
   Pattern 1cjy_c01               Query structure     RMSD=  1.14 A  No. of residues =   3
   ------- -------                --------------- 
    B1198    GLY       matches     A 331    GLY  
    B1228    SER       matches     A 319    SER  
    B1549    ASP       matches     A 467    ASP  
  TRANSFORM    0.1991  0.9800  0.0020  0.3401 -0.0710  0.9377  0.9191 -0.1860 -0.3474    36.501    49.823    30.493  
 
 Match found in 1uok_c05     OLIGO-1,6-GLUCOSIDASE               
   Pattern 1uok_c05               Query structure     RMSD=  1.15 A  No. of residues =   3
   ------- -------                --------------- 
      199    ASP       matches     A 182    ASP  
      242    GLU       matches     A 236    GLU  
      329    ASP       matches     A 111    ASP  
  TRANSFORM    0.6199  0.6793 -0.3927  0.2387 -0.6400 -0.7303 -0.7475  0.3590 -0.5589     6.236     3.628    -1.615  
 
 Match found in 2tdt_c00     TETRAHYDRODIPICOLINATE N-SUCCINYLTRA
   Pattern 2tdt_c00               Query structure     RMSD=  1.15 A  No. of residues =   3
   ------- -------                --------------- 
      141    ASP       matches     A 170    ASP  
      166    GLY       matches     A 202    GLY  
      169    GLU       matches     A 250    GLU  
  TRANSFORM   -0.1780  0.2845  0.9420 -0.9834 -0.0846 -0.1603  0.0341 -0.9549  0.2949   -15.871    17.580    47.550  
 
 Match found in 1avf_c04     GASTRICSIN                          
   Pattern 1avf_c04               Query structure     RMSD=  1.15 A  No. of residues =   3
   ------- -------                --------------- 
    A  32    ASP       matches     A 467    ASP  
    A  35    SER       matches     A 318    SER  
    A 217    ASP       matches     A 329    ASP  
  TRANSFORM    0.0649 -0.4883  0.8703  0.9273 -0.2926 -0.2334  0.3686  0.8222  0.4338    41.046    20.278    61.491  
 
 Match found in 1aql_c02     BILE-SALT ACTIVATED LIPASE          
   Pattern 1aql_c02               Query structure     RMSD=  1.16 A  No. of residues =   3
   ------- -------                --------------- 
    A 194    SER       matches     A  25    SER  
    A 292    ASP       matches     A 138    ASP  
    A 322    HIS       matches     A  35    HIS  
  TRANSFORM   -0.6574 -0.3907 -0.6444 -0.3176  0.9191 -0.2333  0.6834  0.0513 -0.7283    -0.079    38.928    55.730  
 
 Match found in 1m53_c05     ISOMALTULOSE SYNTHASE               
   Pattern 1m53_c05               Query structure     RMSD=  1.16 A  No. of residues =   3
   ------- -------                --------------- 
    A 241    ASP       matches     A  91    ASP  
    A 265    GLU       matches     A  58    GLU  
    A 369    ASP       matches     A  86    ASP  
  TRANSFORM   -0.3758 -0.0057  0.9267 -0.7350  0.6109 -0.2943 -0.5644 -0.7917 -0.2337   104.484    55.209    24.097  
 
 Match found in 1xva_c03     GLYCINE N-METHYLTRANSFERASE         
   Pattern 1xva_c03               Query structure     RMSD=  1.16 A  No. of residues =   3
   ------- -------                --------------- 
    B 137    GLY       matches     A 526    GLY  
    B 175    ARG       matches     A 504    ARG  
    B 242    TYR       matches     A 507    TYR  
  TRANSFORM   -0.0400 -0.7083  0.7048 -0.1211  0.7036  0.7002 -0.9918 -0.0573 -0.1139    17.096    35.218   -35.349  
 
 Match found in 1mro_c00     METHYL-COENZYME M REDUCTASE         
   Pattern 1mro_c00               Query structure     RMSD=  1.16 A  No. of residues =   3
   ------- -------                --------------- 
    A 465    GLY       matches     A 155    GLY  
    A 501    ASP       matches     A 145    ASP  
    B 367    TYR       matches     A 361    TYR  
  TRANSFORM   -0.1070  0.9790 -0.1733 -0.4472 -0.2031 -0.8711 -0.8880 -0.0157  0.4595    12.089    41.112    39.048  
 
 Match found in 1amy_c01     ALPHA-1,4 GLYCAN-4-GLUCANOHYDROLASE 
   Pattern 1amy_c01               Query structure     RMSD=  1.17 A  No. of residues =   3
   ------- -------                --------------- 
      179    ASP       matches     A 145    ASP  
      214    ASP       matches     A 102    ASP  
      289    ASP       matches     A 139    ASP  
  TRANSFORM    0.5654 -0.8068  0.1714 -0.7906 -0.4710  0.3912 -0.2349 -0.3567 -0.9042    49.578    37.741   -13.735  
 
 Match found in 1uok_c04     OLIGO-1,6-GLUCOSIDASE               
   Pattern 1uok_c04               Query structure     RMSD=  1.17 A  No. of residues =   3
   ------- -------                --------------- 
      199    ASP       matches     A 139    ASP  
      218    GLU       matches     A  79    GLU  
      329    ASP       matches     A 145    ASP  
  TRANSFORM   -0.2824  0.6705 -0.6860 -0.7860  0.2483  0.5662  0.5500  0.6991  0.4569   -17.119   -89.694   -29.368  
 
 Match found in 1fdy_c02     N-ACETYLNEURAMINATE LYASE           
   Pattern 1fdy_c02               Query structure     RMSD=  1.18 A  No. of residues =   3
   ------- -------                --------------- 
    C 137    TYR       matches     A 361    TYR  
    C 142    LEU       matches     A 245    LEU  
    C 165    LYS       matches     A 369    LYS  
  TRANSFORM   -0.6102 -0.0530 -0.7905  0.0102 -0.9982  0.0590 -0.7922  0.0279  0.6097     8.114   -21.319   173.370  
 
 Match found in 1pjh_c02     ENOYL-COA ISOMERASE; ECI1P          
   Pattern 1pjh_c02               Query structure     RMSD=  1.19 A  No. of residues =   3
   ------- -------                --------------- 
    C  70    ALA       matches     A  41    ALA  
    C 126    LEU       matches     A  39    LEU  
    C 158    GLU       matches     A 289    GLU  
  TRANSFORM    0.1340  0.0933  0.9866 -0.9649 -0.2145  0.1513  0.2258 -0.9722  0.0613   -18.873    -0.206   -13.472  
 
 Match found in 1qrz_c21     PLASMINOGEN                         
   Pattern 1qrz_c21               Query structure     RMSD=  1.19 A  No. of residues =   3
   ------- -------                --------------- 
    B 603    HIS       matches     A 143    HIS  
    B 646    ASP       matches     A 138    ASP  
    B 739    GLY       matches     A  92    GLY  
  TRANSFORM   -0.9380 -0.2014 -0.2822 -0.2376  0.9662  0.1003  0.2525  0.1611 -0.9541   -10.422     5.472    -4.371  
 
 Match found in 2tdt_c00     TETRAHYDRODIPICOLINATE N-SUCCINYLTRA
   Pattern 2tdt_c00               Query structure     RMSD=  1.19 A  No. of residues =   3
   ------- -------                --------------- 
      141    ASP       matches     A 192    ASP  
      166    GLY       matches     A 541    GLY  
      169    GLU       matches     A 518    GLU  
  TRANSFORM   -0.7285 -0.6850  0.0099  0.1948 -0.2210 -0.9556  0.6568 -0.6943  0.2944   -22.618   -71.523   -26.391  
 
 Match found in 1fdy_c01     N-ACETYLNEURAMINATE LYASE           
   Pattern 1fdy_c01               Query structure     RMSD=  1.19 A  No. of residues =   3
   ------- -------                --------------- 
    B 137    TYR       matches     A 361    TYR  
    B 142    LEU       matches     A 245    LEU  
    B 165    LYS       matches     A 369    LYS  
  TRANSFORM    0.3169 -0.8192  0.4780  0.7332 -0.1081 -0.6713  0.6016  0.5632  0.5664    23.706    77.281    23.412  
 
 Match found in 1qho_c07     ALPHA-AMYLASE                       
   Pattern 1qho_c07               Query structure     RMSD=  1.19 A  No. of residues =   3
   ------- -------                --------------- 
    A 228    ASP       matches     A 345    ASP  
    A 260    ASP       matches     A 467    ASP  
    A 329    ASP       matches     A 398    ASP  
  TRANSFORM    0.2247  0.8891  0.3989 -0.5590  0.4529 -0.6946 -0.7981 -0.0669  0.5988     8.488    43.743   170.919  
 
 Match found in 1pjh_c00     ENOYL-COA ISOMERASE; ECI1P          
   Pattern 1pjh_c00               Query structure     RMSD=  1.20 A  No. of residues =   3
   ------- -------                --------------- 
    A  70    ALA       matches     A  41    ALA  
    A 126    LEU       matches     A  39    LEU  
    A 158    GLU       matches     A 289    GLU  
  TRANSFORM    0.5702  0.7868  0.2363  0.7528 -0.3852 -0.5338 -0.3290  0.4823 -0.8119   -17.907   -71.131   -25.135  
 
 Match found in 1fdy_c00     N-ACETYLNEURAMINATE LYASE           
   Pattern 1fdy_c00               Query structure     RMSD=  1.20 A  No. of residues =   3
   ------- -------                --------------- 
    A 137    TYR       matches     A 361    TYR  
    A 142    LEU       matches     A 245    LEU  
    A 165    LYS       matches     A 369    LYS  
  TRANSFORM   -0.2012  0.9454  0.2565  0.9501  0.2520 -0.1837 -0.2383  0.2067 -0.9489    19.693    -6.594   -16.636  
 
 Match found in 1qrz_c22     PLASMINOGEN                         
   Pattern 1qrz_c22               Query structure     RMSD=  1.20 A  No. of residues =   3
   ------- -------                --------------- 
    C 603    HIS       matches     A 143    HIS  
    C 646    ASP       matches     A 138    ASP  
    C 739    GLY       matches     A  92    GLY  
  TRANSFORM   -0.3143  0.7482  0.5843 -0.5343 -0.6482  0.5426  0.7847 -0.1417  0.6035    75.994    23.954    21.178  
 
 Match found in 4mdh_c03     CYTOPLASMIC MALATE DEHYDROGENASE (E.
   Pattern 4mdh_c03               Query structure     RMSD=  1.20 A  No. of residues =   3
   ------- -------                --------------- 
    B 158    ASP       matches     A  36    ASP  
    B 161    ARG       matches     A  69    ARG  
    B 186    HIS       matches     A  35    HIS  
  TRANSFORM    0.5087  0.2524  0.8231 -0.4373  0.8993 -0.0055 -0.7416 -0.3572  0.5678     6.484    59.819    16.302  
 
 Match found in 1t7d_c00     SIGNAL PEPTIDASE I                  
   Pattern 1t7d_c00               Query structure     RMSD=  1.20 A  No. of residues =   3
   ------- -------                --------------- 
    A  88    SER       matches     A  22    SER  
    A  90    SER       matches     A 276    SER  
    A 145    LYS       matches     A 308    LYS  
  TRANSFORM   -0.3517  0.8549 -0.3815  0.7177  0.5079  0.4765  0.6010 -0.1062 -0.7921    44.245    -5.229    -7.398  
 
 Match found in 3hde_o02     LYSOZYME                            
   Pattern 3hde_o02               Query structure     RMSD=  1.20 A  No. of residues =   3
   ------- -------                --------------- 
    C  35    GLU       matches     A 299    GLU  
    C  44    ASP       matches     A 335    ASP  
    C  50    THR       matches     A 334    THR  
  TRANSFORM    0.0418  0.9922  0.1176  0.4696  0.0844 -0.8788 -0.8819  0.0920 -0.4624    23.970    50.056    65.193  
 
 Match found in 1m53_c05     ISOMALTULOSE SYNTHASE               
   Pattern 1m53_c05               Query structure     RMSD=  1.21 A  No. of residues =   3
   ------- -------                --------------- 
    A 241    ASP       matches     A 246    ASP  
    A 265    GLU       matches     A 378    GLU  
    A 369    ASP       matches     A 366    ASP  
  TRANSFORM    0.1135 -0.6575 -0.7448  0.9286  0.3367 -0.1557  0.3532 -0.6740  0.6488    53.602    17.445    12.646  
 
 Match found in 1djl_c00     TRANSHYDROGENASE DIII               
   Pattern 1djl_c00               Query structure     RMSD=  1.21 A  No. of residues =   3
   ------- -------                --------------- 
    A 890    TYR       matches     A 460    TYR  
    A 925    ARG       matches     A 330    ARG  
    A1006    TYR       matches     A 409    TYR  
  TRANSFORM   -0.1060  0.9841 -0.1425  0.9726  0.1324  0.1909  0.2068 -0.1184 -0.9712   -35.697   -32.628    26.115  
 
 Match found in 1avf_c05     GASTRICSIN                          
   Pattern 1avf_c05               Query structure     RMSD=  1.22 A  No. of residues =   3
   ------- -------                --------------- 
    J  32    ASP       matches     A 467    ASP  
    J  35    SER       matches     A 318    SER  
    J 217    ASP       matches     A 329    ASP  
  TRANSFORM    0.8505  0.4411  0.2865  0.4323 -0.8965  0.0970  0.2996  0.0414 -0.9532    51.474    28.383    -1.706  
 
 Match found in 1uok_c04     OLIGO-1,6-GLUCOSIDASE               
   Pattern 1uok_c04               Query structure     RMSD=  1.22 A  No. of residues =   3
   ------- -------                --------------- 
      199    ASP       matches     A  51    ASP  
      218    GLU       matches     A 512    GLU  
      329    ASP       matches     A  45    ASP  
  TRANSFORM    0.2975 -0.8389  0.4558  0.4687  0.5442  0.6958 -0.8318  0.0066  0.5551   -47.980    11.075   174.333  
 
 Match found in 1pjh_c01     ENOYL-COA ISOMERASE; ECI1P          
   Pattern 1pjh_c01               Query structure     RMSD=  1.22 A  No. of residues =   3
   ------- -------                --------------- 
    B  70    ALA       matches     A  41    ALA  
    B 126    LEU       matches     A  39    LEU  
    B 158    GLU       matches     A 289    GLU  
  TRANSFORM   -0.4986 -0.1193  0.8586 -0.0539 -0.9843 -0.1681  0.8652 -0.1301  0.4843    11.222   -23.125    20.456  
 
 Match found in 1euu_c00     SIALIDASE                           
   Pattern 1euu_c00               Query structure     RMSD=  1.23 A  No. of residues =   3
   ------- -------                --------------- 
       92    ASP       matches     A 316    ASP  
      260    GLU       matches     A 282    GLU  
      370    TYR       matches     A 212    TYR  
  TRANSFORM    0.4051 -0.7750 -0.4850  0.7344  0.5918 -0.3324  0.5446 -0.2215  0.8089    10.603    29.808    66.961  
 
 Match found in 1m53_c05     ISOMALTULOSE SYNTHASE               
   Pattern 1m53_c05               Query structure     RMSD=  1.23 A  No. of residues =   3
   ------- -------                --------------- 
    A 241    ASP       matches     A 467    ASP  
    A 265    GLU       matches     A 312    GLU  
    A 369    ASP       matches     A 329    ASP  
  TRANSFORM   -0.3782 -0.0517  0.9243 -0.5238 -0.8113 -0.2597  0.7633 -0.5824  0.2797    10.404   -21.583   -29.881  
 
 Match found in 1be1_c02     GLUTAMATE MUTASE                    
   Pattern 1be1_c02               Query structure     RMSD=  1.24 A  No. of residues =   3
   ------- -------                --------------- 
       14    ASP       matches     A  32    ASP  
       16    HIS       matches     A  35    HIS  
       67    GLY       matches     A  18    GLY  
  TRANSFORM    0.0133 -0.8888 -0.4582  0.3273 -0.4291  0.8419 -0.9448 -0.1612  0.2852   -15.217    28.537    85.111  
 
 Match found in 2z3x_d00     DNA BINDING PROTEIN/DNA             
   Pattern 2z3x_d00               Query structure     RMSD=  1.24 A  No. of residues =   3
   ------- -------                --------------- 
    B  34    SER       matches     A 462    SER  
    B  37    ASN       matches     A 461    ASN  
    B  45    THR       matches     A 455    THR  
  TRANSFORM   -0.5948 -0.7248 -0.3476 -0.6433  0.1700  0.7465 -0.4820  0.6677 -0.5674   -13.025    74.276    44.319  
 
 Match found in 1bd3_c02     URACIL PHOSPHORIBOSYLTRANSFERASE    
   Pattern 1bd3_c02               Query structure     RMSD=  1.24 A  No. of residues =   3
   ------- -------                --------------- 
    C 137    ARG       matches     A 215    ARG  
    C 141    THR       matches     A 305    THR  
    C 235    ASP       matches     A 170    ASP  
  TRANSFORM   -0.7743 -0.1666 -0.6105  0.2318 -0.9723 -0.0287 -0.5888 -0.1638  0.7915    36.984    43.271    68.558  
 
 Match found in 1bvz_c08     ALPHA-AMYLASE II                    
   Pattern 1bvz_c08               Query structure     RMSD=  1.24 A  No. of residues =   3
   ------- -------                --------------- 
    A 325    ASP       matches     A 316    ASP  
    A 354    GLU       matches     A 533    GLU  
    A 421    ASP       matches     A 287    ASP  
  TRANSFORM    0.2599  0.3510 -0.8996 -0.0951 -0.9178 -0.3856 -0.9610  0.1857 -0.2051   -25.172    58.930    26.272  
 
 Match found in 1boo_c00     N-4 CYTOSINE-SPECIFIC METHYLTRANSFER
   Pattern 1boo_c00               Query structure     RMSD=  1.25 A  No. of residues =   3
   ------- -------                --------------- 
    A  53    SER       matches     A 106    SER  
    A  54    PRO       matches     A 107    PRO  
    A  96    ASP       matches     A 105    ASP  
  TRANSFORM    0.3805 -0.8382  0.3907 -0.1687  0.3525  0.9205 -0.9093 -0.4161 -0.0073   -19.455   -88.300   -33.792  
 
 Match found in 1fdy_c03     N-ACETYLNEURAMINATE LYASE           
   Pattern 1fdy_c03               Query structure     RMSD=  1.25 A  No. of residues =   3
   ------- -------                --------------- 
    D 137    TYR       matches     A 361    TYR  
    D 142    LEU       matches     A 245    LEU  
    D 165    LYS       matches     A 369    LYS  
  TRANSFORM    0.5948  0.7159  0.3656  0.6474 -0.1571 -0.7458 -0.4765  0.6803 -0.5569    13.030    86.992    44.328  
 
 Match found in 1bd3_c00     URACIL PHOSPHORIBOSYLTRANSFERASE    
   Pattern 1bd3_c00               Query structure     RMSD=  1.25 A  No. of residues =   3
   ------- -------                --------------- 
    A 137    ARG       matches     A 215    ARG  
    A 141    THR       matches     A 305    THR  
    A 235    ASP       matches     A 170    ASP  
  TRANSFORM    0.8831  0.1410 -0.4474  0.1026 -0.9887 -0.1092 -0.4578  0.0505 -0.8876    28.777    58.685    23.318  
 
 Match found in 1amy_c06     ALPHA-1,4 GLYCAN-4-GLUCANOHYDROLASE 
   Pattern 1amy_c06               Query structure     RMSD=  1.25 A  No. of residues =   3
   ------- -------                --------------- 
      179    ASP       matches     A 366    ASP  
      227    GLU       matches     A 236    GLU  
      289    ASP       matches     A 246    ASP  
  TRANSFORM    0.0062 -0.9894  0.1453 -0.4143 -0.1347 -0.9001  0.9101 -0.0546 -0.4107     8.279    32.996    16.969  
 
 Match found in 1nu3_c00     LIMONENE-1,2-EPOXIDE HYDROLASE      
   Pattern 1nu3_c00               Query structure     RMSD=  1.25 A  No. of residues =   3
   ------- -------                --------------- 
    A  99    ARG       matches     A 320    ARG  
    A 101    ASP       matches     A 345    ASP  
    A 132    ASP       matches     A 398    ASP  
  TRANSFORM    0.8592  0.3603  0.3632  0.2771  0.2691 -0.9224 -0.4301  0.8932  0.1314    11.319    -4.978   -20.871  
 
 Match found in 1be1_c02     GLUTAMATE MUTASE                    
   Pattern 1be1_c02               Query structure     RMSD=  1.25 A  No. of residues =   3
   ------- -------                --------------- 
       14    ASP       matches     A 234    ASP  
       16    HIS       matches     A 229    HIS  
       67    GLY       matches     A 545    GLY  
  TRANSFORM    0.7552 -0.6003  0.2631 -0.1959  0.1764  0.9646 -0.6255 -0.7801  0.0156    47.779    25.260    12.464  
 
 Match found in 1uok_c04     OLIGO-1,6-GLUCOSIDASE               
   Pattern 1uok_c04               Query structure     RMSD=  1.26 A  No. of residues =   3
   ------- -------                --------------- 
      199    ASP       matches     A 345    ASP  
      218    GLU       matches     A 289    GLU  
      329    ASP       matches     A 398    ASP  
  TRANSFORM    0.0351 -0.9436 -0.3291 -0.7297 -0.2492  0.6368 -0.6829  0.2178 -0.6973    -6.859    47.829    63.057  
 
 Match found in 4mdh_c02     CYTOPLASMIC MALATE DEHYDROGENASE (E.
   Pattern 4mdh_c02               Query structure     RMSD=  1.26 A  No. of residues =   3
   ------- -------                --------------- 
    A 158    ASP       matches     A  36    ASP  
    A 161    ARG       matches     A  69    ARG  
    A 186    HIS       matches     A  35    HIS  
  TRANSFORM    0.0125  0.9855 -0.1690  0.5309  0.1367  0.8363  0.8474 -0.1002 -0.5215    15.096    -6.649    19.362  
 
 Match found in 1nu3_c01     LIMONENE-1,2-EPOXIDE HYDROLASE      
   Pattern 1nu3_c01               Query structure     RMSD=  1.27 A  No. of residues =   3
   ------- -------                --------------- 
    B  99    ARG       matches     A 320    ARG  
    B 101    ASP       matches     A 345    ASP  
    B 132    ASP       matches     A 398    ASP  
  TRANSFORM    0.6868 -0.1382  0.7136 -0.3505  0.7971  0.4917 -0.6368 -0.5878  0.4990    11.284    21.775   -16.031  
 
 Match found in 1mro_c00     METHYL-COENZYME M REDUCTASE         
   Pattern 1mro_c00               Query structure     RMSD=  1.27 A  No. of residues =   3
   ------- -------                --------------- 
    A 465    GLY       matches     A 541    GLY  
    A 501    ASP       matches     A  45    ASP  
    B 367    TYR       matches     A 437    TYR  
  TRANSFORM   -0.4534  0.6632 -0.5954 -0.8001 -0.5972 -0.0559 -0.3927  0.4511  0.8015    64.834    35.269     7.329  
 
 Match found in 1uok_c04     OLIGO-1,6-GLUCOSIDASE               
   Pattern 1uok_c04               Query structure     RMSD=  1.27 A  No. of residues =   3
   ------- -------                --------------- 
      199    ASP       matches     A 398    ASP  
      218    GLU       matches     A 527    GLU  
      329    ASP       matches     A 345    ASP  
  TRANSFORM   -0.4406 -0.5236 -0.7292  0.5622 -0.7942  0.2305 -0.6998 -0.3084  0.6443    46.526    -5.382    15.139  
 
 Match found in 1t7d_c01     SIGNAL PEPTIDASE I                  
   Pattern 1t7d_c01               Query structure     RMSD=  1.27 A  No. of residues =   3
   ------- -------                --------------- 
    B  88    SER       matches     A  22    SER  
    B  90    SER       matches     A 276    SER  
    B 145    LYS       matches     A 308    LYS  
  TRANSFORM    0.6254 -0.5684 -0.5345  0.4051 -0.3489  0.8451 -0.6669 -0.7451  0.0120   -22.194   -12.670    74.720  
 
 Match found in 1cb7_c06     GLUTAMATE MUTASE                    
   Pattern 1cb7_c06               Query structure     RMSD=  1.27 A  No. of residues =   3
   ------- -------                --------------- 
    A  14    ASP       matches     A  36    ASP  
    A  16    HIS       matches     A  35    HIS  
    A  67    GLY       matches     A  74    GLY  
  TRANSFORM    0.9093  0.2259 -0.3495 -0.3087  0.9294 -0.2024  0.2791  0.2919  0.9148     3.982    41.499    -6.035  
 
