******************************************************* user.XUMS **************************************************************
  TRANSFORM    0.7067  0.6003 -0.3744  0.6824 -0.7180  0.1369 -0.1866 -0.3523 -0.9171    32.019   -80.184  -139.843  
 
 Match found in 1xny_c00     PROPIONYL-COA CARBOXYLASE COMPLEX B 
   Pattern 1xny_c00               Query structure     RMSD=  0.44 A  No. of residues =   3
   ------- -------                --------------- 
    A 183    GLY       matches     A 281    GLY  
    B 419    GLY       matches     A 320    GLY  
    B 420    ALA       matches     A 319    ALA  
  TRANSFORM    0.5010 -0.4150  0.7594  0.8494  0.0677 -0.5234  0.1657  0.9073  0.3864    22.997   -62.135  -139.685  
 
 Match found in 1xny_c00     PROPIONYL-COA CARBOXYLASE COMPLEX B 
   Pattern 1xny_c00               Query structure     RMSD=  1.02 A  No. of residues =   3
   ------- -------                --------------- 
    A 183    GLY       matches     A 122    GLY  
    B 419    GLY       matches     A  86    GLY  
    B 420    ALA       matches     A  88    ALA  
  TRANSFORM    0.2023  0.8804  0.4288 -0.7671 -0.1298  0.6283  0.6088 -0.4561  0.6491    26.492  -122.130  -124.826  
 
 Match found in 1xny_c01     PROPIONYL-COA CARBOXYLASE COMPLEX B 
   Pattern 1xny_c01               Query structure     RMSD=  1.02 A  No. of residues =   3
   ------- -------                --------------- 
    A 420    ALA       matches     A 100    ALA  
    B 182    GLY       matches     A  95    GLY  
    B 183    GLY       matches     A  98    GLY  
  TRANSFORM   -0.4159 -0.8338  0.3629  0.8955 -0.3059  0.3234 -0.1586  0.4595  0.8739    14.483   -72.440  -115.401  
 
 Match found in 1xny_c00     PROPIONYL-COA CARBOXYLASE COMPLEX B 
   Pattern 1xny_c00               Query structure     RMSD=  1.05 A  No. of residues =   3
   ------- -------                --------------- 
    A 183    GLY       matches     A 320    GLY  
    B 419    GLY       matches     A 281    GLY  
    B 420    ALA       matches     A 284    ALA  
  TRANSFORM   -0.7340 -0.6501  0.1965 -0.6684  0.6401 -0.3788  0.1205 -0.4094 -0.9044    28.921   -91.707  -142.848  
 
 Match found in 1xny_c01     PROPIONYL-COA CARBOXYLASE COMPLEX B 
   Pattern 1xny_c01               Query structure     RMSD=  1.05 A  No. of residues =   3
   ------- -------                --------------- 
    A 420    ALA       matches     A 284    ALA  
    B 182    GLY       matches     A 323    GLY  
    B 183    GLY       matches     A 320    GLY  
  TRANSFORM    0.9024  0.3957 -0.1708  0.4159 -0.6956  0.5858  0.1130 -0.5996 -0.7923    19.614    27.748   -23.675  
 
 Match found in 1tde_c00     THIOREDOXIN REDUCTASE (E.C.1.6.4.5) 
   Pattern 1tde_c00               Query structure     RMSD=  1.09 A  No. of residues =   3
   ------- -------                --------------- 
      135    CYH       matches     A 260    CYH  
      138    CYH       matches     A 305    CYH  
      139    ASP       matches     A 304    ASP  
  TRANSFORM   -0.9556 -0.0558  0.2893  0.1522 -0.9343  0.3223  0.2523  0.3520  0.9014   -15.968    67.077   131.084  
 
 Match found in 1ct9_c04     ASPARAGINE SYNTHETASE B             
   Pattern 1ct9_c04               Query structure     RMSD=  1.11 A  No. of residues =   3
   ------- -------                --------------- 
    A   1    ALA       matches     A 116    ALA  
    A  74    ASN       matches     A  10    ASN  
    A  75    GLY       matches     A 153    GLY  
  TRANSFORM   -0.8200  0.5136  0.2527  0.5697  0.7751  0.2732 -0.0555  0.3680 -0.9282    24.979    20.989   -32.318  
 
 Match found in 1qgx_c02     3',5'-ADENOSINE BISPHOSPHATASE      
   Pattern 1qgx_c02               Query structure     RMSD=  1.13 A  No. of residues =   3
   ------- -------                --------------- 
    A  49    ASP       matches     A 333    ASP  
    A 147    THR       matches     A 274    THR  
    A 294    ASP       matches     A 299    ASP  
  TRANSFORM    0.3045  0.9032 -0.3023 -0.9419  0.3328  0.0456  0.1418  0.2709  0.9521    19.364    -0.189    43.387  
 
 Match found in 1ct9_c06     ASPARAGINE SYNTHETASE B             
   Pattern 1ct9_c06               Query structure     RMSD=  1.14 A  No. of residues =   3
   ------- -------                --------------- 
    C   1    ALA       matches     A 116    ALA  
    C  74    ASN       matches     A  10    ASN  
    C  75    GLY       matches     A 153    GLY  
  TRANSFORM   -0.4193 -0.4540  0.7862  0.7738  0.2742  0.5710 -0.4749  0.8477  0.2363    36.224    30.259    20.580  
 
 Match found in 1ct9_c05     ASPARAGINE SYNTHETASE B             
   Pattern 1ct9_c05               Query structure     RMSD=  1.15 A  No. of residues =   3
   ------- -------                --------------- 
    B   1    ALA       matches     A 116    ALA  
    B  74    ASN       matches     A  10    ASN  
    B  75    GLY       matches     A 153    GLY  
  TRANSFORM    0.1921  0.7561 -0.6256 -0.9617  0.2720  0.0335  0.1955  0.5952  0.7794    18.675    96.618     2.146  
 
 Match found in 2amg_c06     1,4-ALPHA-D-GLUCAN MALTOTETRAHYDROLA
   Pattern 2amg_c06               Query structure     RMSD=  1.16 A  No. of residues =   3
   ------- -------                --------------- 
      193    ASP       matches     A  84    ASP  
      231    ASP       matches     A 239    ASP  
      294    ASP       matches     A  61    ASP  
  TRANSFORM    0.1764 -0.7792 -0.6014  0.7539 -0.2858  0.5915 -0.6328 -0.5578  0.5371     8.380   -15.160     3.216  
 
 Match found in 1tz3_c02     PUTATIVE SUGAR KINASE               
   Pattern 1tz3_c02               Query structure     RMSD=  1.18 A  No. of residues =   3
   ------- -------                --------------- 
    A 250    ALA       matches     A 312    ALA  
    A 251    GLY       matches     A 313    GLY  
    A 252    ASP       matches     A 299    ASP  
  TRANSFORM   -0.1270 -0.8432  0.5224 -0.0818  0.5338  0.8416 -0.9885  0.0642 -0.1367   144.777    37.185     1.273  
 
 Match found in 1lij_c01     ADENOSINE KINASE                    
   Pattern 1lij_c01               Query structure     RMSD=  1.18 A  No. of residues =   3
   ------- -------                --------------- 
    A 316    ALA       matches     A 312    ALA  
    A 317    GLY       matches     A 313    GLY  
    A 318    ASP       matches     A 299    ASP  
  TRANSFORM   -0.8832  0.2659 -0.3864 -0.3668 -0.9050  0.2157 -0.2923  0.3322  0.8968    -0.537    -9.802    25.845  
 
 Match found in 3s57_d00     OXIDOREDUCTASE/DNA                  
   Pattern 3s57_d00               Query structure     RMSD=  1.19 A  No. of residues =   3
   ------- -------                --------------- 
    A 101    VAL       matches     A 318    VAL  
    A 102    PHE       matches     A 321    PHE  
    A 169    CYH       matches     A  19    CYH  
  TRANSFORM   -0.8973  0.4229 -0.1262 -0.3646 -0.8714 -0.3283 -0.2488 -0.2486  0.9361    83.756    38.477   109.154  
 
 Match found in 1bhg_c03     BETA-GLUCURONIDASE                  
   Pattern 1bhg_c03               Query structure     RMSD=  1.20 A  No. of residues =   3
   ------- -------                --------------- 
    B 451    GLU       matches     A 121    GLU  
    B 504    TYR       matches     A  20    TYR  
    B 540    GLU       matches     A 186    GLU  
  TRANSFORM   -0.2945 -0.0751 -0.9527  0.8964 -0.3674 -0.2481 -0.3314 -0.9270  0.1755   -22.521    18.312    67.742  
 
 Match found in 2z3x_d00     DNA BINDING PROTEIN/DNA             
   Pattern 2z3x_d00               Query structure     RMSD=  1.20 A  No. of residues =   3
   ------- -------                --------------- 
    B  34    SER       matches     A 336    SER  
    B  37    ASN       matches     A 201    ASN  
    B  45    THR       matches     A 207    THR  
  TRANSFORM   -0.6757  0.1288 -0.7258 -0.5366  0.5891  0.6042  0.5054  0.7977 -0.3289    11.018    -3.567   -48.952  
 
 Match found in 1tz3_c03     PUTATIVE SUGAR KINASE               
   Pattern 1tz3_c03               Query structure     RMSD=  1.21 A  No. of residues =   3
   ------- -------                --------------- 
    B 250    ALA       matches     A 312    ALA  
    B 251    GLY       matches     A 313    GLY  
    B 252    ASP       matches     A 299    ASP  
  TRANSFORM    0.8344  0.5219  0.1770 -0.0175  0.3461 -0.9380 -0.5508  0.7797  0.2979     1.006    37.048   108.636  
 
 Match found in 1ct9_c07     ASPARAGINE SYNTHETASE B             
   Pattern 1ct9_c07               Query structure     RMSD=  1.21 A  No. of residues =   3
   ------- -------                --------------- 
    D   1    ALA       matches     A 116    ALA  
    D  74    ASN       matches     A  10    ASN  
    D  75    GLY       matches     A 153    GLY  
  TRANSFORM   -0.2187  0.9577  0.1872  0.9753  0.2205  0.0116 -0.0302  0.1851 -0.9823    41.311    18.965    28.314  
 
 Match found in 1lio_c01     ADENOSINE KINASE                    
   Pattern 1lio_c01               Query structure     RMSD=  1.22 A  No. of residues =   3
   ------- -------                --------------- 
    A 316    ALA       matches     A 312    ALA  
    A 317    GLY       matches     A 313    GLY  
    A 318    ASP       matches     A 299    ASP  
  TRANSFORM    0.5103  0.3077  0.8031 -0.8558  0.2734  0.4391 -0.0845 -0.9113  0.4029    85.847   109.412   148.019  
 
 Match found in 1dub_c13     2-ENOYL-COA HYDRATASE               
   Pattern 1dub_c13               Query structure     RMSD=  1.23 A  No. of residues =   3
   ------- -------                --------------- 
    B 141    GLY       matches     A 159    GLY  
    B 144    GLU       matches     A 186    GLU  
    B 164    GLU       matches     A 121    GLU  
  TRANSFORM    0.3654 -0.2574 -0.8946  0.9228 -0.0257  0.3843 -0.1220 -0.9660  0.2281    24.029    -9.453    28.502  
 
 Match found in 1vq1_c00     N5-GLUTAMINE METHYLTRANSFERASE, HEMK
   Pattern 1vq1_c00               Query structure     RMSD=  1.23 A  No. of residues =   3
   ------- -------                --------------- 
    A 100    PHE       matches     A 132    PHE  
    A 197    ASN       matches     A 169    ASN  
    A 198    PRO       matches     A 170    PRO  
  TRANSFORM    0.9860 -0.1519  0.0685  0.1051  0.2479 -0.9631  0.1293  0.9568  0.2604    60.330    33.137    -3.992  
 
 Match found in 1eo7_c00     CYCLODEXTRIN GLYCOSYLTRANSFERASE    
   Pattern 1eo7_c00               Query structure     RMSD=  1.23 A  No. of residues =   3
   ------- -------                --------------- 
    A 229    ALA       matches     A 100    ALA  
    A 257    ALA       matches     A 103    ALA  
    A 328    ASP       matches     A 108    ASP  
  TRANSFORM    0.9634  0.0851 -0.2541  0.2035  0.3844  0.9004  0.1744 -0.9192  0.3531    30.319    35.585    26.814  
 
 Match found in 1ct9_c05     ASPARAGINE SYNTHETASE B             
   Pattern 1ct9_c05               Query structure     RMSD=  1.25 A  No. of residues =   3
   ------- -------                --------------- 
    B   1    ALA       matches     A 310    ALA  
    B  74    ASN       matches     A 303    ASN  
    B  75    GLY       matches     A 306    GLY  
  TRANSFORM   -0.5277 -0.4340 -0.7302  0.8491 -0.2925 -0.4398 -0.0227 -0.8521  0.5229    59.377    75.662   150.272  
 
 Match found in 1dub_c17     2-ENOYL-COA HYDRATASE               
   Pattern 1dub_c17               Query structure     RMSD=  1.26 A  No. of residues =   3
   ------- -------                --------------- 
    F 141    GLY       matches     A 159    GLY  
    F 144    GLU       matches     A 186    GLU  
    F 164    GLU       matches     A 121    GLU  
  TRANSFORM    0.3770  0.5039  0.7772  0.8177 -0.5751 -0.0238  0.4350  0.6445 -0.6288    44.491   -80.090  -120.329  
 
 Match found in 1xny_c00     PROPIONYL-COA CARBOXYLASE COMPLEX B 
   Pattern 1xny_c00               Query structure     RMSD=  1.26 A  No. of residues =   3
   ------- -------                --------------- 
    A 183    GLY       matches     A 323    GLY  
    B 419    GLY       matches     A 324    GLY  
    B 420    ALA       matches     A 319    ALA  
  TRANSFORM    0.1093 -0.9752 -0.1925 -0.9781 -0.1401  0.1541 -0.1772  0.1715 -0.9691    56.180   100.257   141.738  
 
 Match found in 1dub_c14     2-ENOYL-COA HYDRATASE               
   Pattern 1dub_c14               Query structure     RMSD=  1.26 A  No. of residues =   3
   ------- -------                --------------- 
    C 141    GLY       matches     A 159    GLY  
    C 144    GLU       matches     A 186    GLU  
    C 164    GLU       matches     A 121    GLU  
  TRANSFORM    0.5918 -0.6105 -0.5264  0.4611  0.7920 -0.4001  0.6612 -0.0059  0.7502   -19.964    58.627   135.205  
 
 Match found in 1ct9_c04     ASPARAGINE SYNTHETASE B             
   Pattern 1ct9_c04               Query structure     RMSD=  1.27 A  No. of residues =   3
   ------- -------                --------------- 
    A   1    ALA       matches     A 310    ALA  
    A  74    ASN       matches     A 303    ASN  
    A  75    GLY       matches     A 306    GLY  
  TRANSFORM   -0.1232  0.9924 -0.0016  0.9848  0.1221 -0.1237 -0.1225 -0.0168 -0.9923    87.498    84.764   138.727  
 
 Match found in 1dub_c15     2-ENOYL-COA HYDRATASE               
   Pattern 1dub_c15               Query structure     RMSD=  1.27 A  No. of residues =   3
   ------- -------                --------------- 
    D 141    GLY       matches     A 159    GLY  
    D 144    GLU       matches     A 186    GLU  
    D 164    GLU       matches     A 121    GLU  
  TRANSFORM   -0.2369 -0.4040  0.8836  0.9387 -0.3296  0.1009  0.2504  0.8533  0.4573    83.087    82.818   169.821  
 
 Match found in 1dub_c16     2-ENOYL-COA HYDRATASE               
   Pattern 1dub_c16               Query structure     RMSD=  1.28 A  No. of residues =   3
   ------- -------                --------------- 
    E 141    GLY       matches     A 159    GLY  
    E 144    GLU       matches     A 186    GLU  
    E 164    GLU       matches     A 121    GLU  
  TRANSFORM   -0.2334  0.2257  0.9458 -0.9333 -0.3249 -0.1527  0.2728 -0.9184  0.2865     8.942    40.414   113.994  
 
 Match found in 1ct9_c07     ASPARAGINE SYNTHETASE B             
   Pattern 1ct9_c07               Query structure     RMSD=  1.28 A  No. of residues =   3
   ------- -------                --------------- 
    D   1    ALA       matches     A 310    ALA  
    D  74    ASN       matches     A 303    ASN  
    D  75    GLY       matches     A 306    GLY  
  TRANSFORM   -0.9205 -0.2923 -0.2593 -0.2731  0.0068  0.9620 -0.2795  0.9563 -0.0861    27.402    46.671   -32.896  
 
 Match found in 1mro_c01     METHYL-COENZYME M REDUCTASE         
   Pattern 1mro_c01               Query structure     RMSD=  1.29 A  No. of residues =   3
   ------- -------                --------------- 
    D 465    GLY       matches     A 164    GLY  
    D 501    ASP       matches     A 180    ASP  
    E 367    TYR       matches     A 278    TYR  
  TRANSFORM    0.2033 -0.7933 -0.5739 -0.9279  0.0310 -0.3716  0.3126  0.6081 -0.7297    30.765    -7.490    11.348  
 
 Match found in 1vq1_c01     N5-GLUTAMINE METHYLTRANSFERASE, HEMK
   Pattern 1vq1_c01               Query structure     RMSD=  1.29 A  No. of residues =   3
   ------- -------                --------------- 
    B 100    PHE       matches     A 132    PHE  
    B 197    ASN       matches     A 169    ASN  
    B 198    PRO       matches     A 170    PRO  
  TRANSFORM    0.2168 -0.9102  0.3530 -0.8023  0.0399  0.5956 -0.5561 -0.4123 -0.7216    62.254    88.729    42.315  
 
 Match found in 1cdg_c00     CYCLODEXTRIN GLYCOSYLTRANSFERASE (E.
   Pattern 1cdg_c00               Query structure     RMSD=  1.29 A  No. of residues =   3
   ------- -------                --------------- 
      229    ASP       matches     A  27    ASP  
      264    GLU       matches     A 121    GLU  
      328    ASP       matches     A  61    ASP  
  TRANSFORM   -0.8484 -0.5102  0.1410  0.4464 -0.5464  0.7087 -0.2846  0.6642  0.6913    84.292   111.671   146.976  
 
 Match found in 1dub_c13     2-ENOYL-COA HYDRATASE               
   Pattern 1dub_c13               Query structure     RMSD=  1.29 A  No. of residues =   3
   ------- -------                --------------- 
    B 141    GLY       matches     A 159    GLY  
    B 144    GLU       matches     A 121    GLU  
    B 164    GLU       matches     A 186    GLU  
  TRANSFORM   -0.5845 -0.4507  0.6747  0.2719 -0.8923 -0.3605  0.7645 -0.0272  0.6441    29.092    -0.475    46.224  
 
 Match found in 1ct9_c06     ASPARAGINE SYNTHETASE B             
   Pattern 1ct9_c06               Query structure     RMSD=  1.30 A  No. of residues =   3
   ------- -------                --------------- 
    C   1    ALA       matches     A 310    ALA  
    C  74    ASN       matches     A 303    ASN  
    C  75    GLY       matches     A 306    GLY  
  TRANSFORM    0.9261 -0.1248 -0.3560 -0.2675 -0.8826 -0.3867 -0.2660  0.4533 -0.8507     1.444    -5.047    13.749  
 
 Match found in 1emh_d00     HYDROLASE/DNA                       
   Pattern 1emh_d00               Query structure     RMSD=  1.30 A  No. of residues =   3
   ------- -------                --------------- 
    A 271    PRO       matches     A 244    PRO  
    A 272    LEU       matches     A 242    LEU  
    A 276    ARG       matches     A 294    ARG  
  TRANSFORM    0.0510  0.9472 -0.3167  0.0667 -0.3196 -0.9452 -0.9965  0.0271 -0.0794     5.822     0.087     5.482  
 
 Match found in 2tdt_c00     TETRAHYDRODIPICOLINATE N-SUCCINYLTRA
   Pattern 2tdt_c00               Query structure     RMSD=  1.30 A  No. of residues =   3
   ------- -------                --------------- 
      141    ASP       matches     A 295    ASP  
      166    GLY       matches     A 320    GLY  
      169    GLU       matches     A 286    GLU  
  TRANSFORM    0.0661 -0.8218 -0.5659 -0.5333  0.4503 -0.7161  0.8433  0.3492 -0.4085     2.681    18.521     6.419  
 
 Match found in 1xqd_c02     CYTOCHROME P450 55A1                
   Pattern 1xqd_c02               Query structure     RMSD=  1.32 A  No. of residues =   3
   ------- -------                --------------- 
    A 243    THR       matches     A 255    THR  
    A 345    PHE       matches     A 332    PHE  
    A 352    CYH       matches     A 305    CYH  
  TRANSFORM   -0.8981  0.3346 -0.2854 -0.2549  0.1328  0.9578  0.3584  0.9329 -0.0340    14.308    38.267    84.670  
 
 Match found in 1m53_c05     ISOMALTULOSE SYNTHASE               
   Pattern 1m53_c05               Query structure     RMSD=  1.33 A  No. of residues =   3
   ------- -------                --------------- 
    A 241    ASP       matches     A 239    ASP  
    A 265    GLU       matches     A  43    GLU  
    A 369    ASP       matches     A 295    ASP  
  TRANSFORM    0.8653  0.4102 -0.2881  0.1103  0.4048  0.9077  0.4890 -0.8172  0.3050     4.905    -2.626    14.620  
 
 Match found in 2tdt_c00     TETRAHYDRODIPICOLINATE N-SUCCINYLTRA
   Pattern 2tdt_c00               Query structure     RMSD=  1.33 A  No. of residues =   3
   ------- -------                --------------- 
      141    ASP       matches     A  84    ASP  
      166    GLY       matches     A  98    GLY  
      169    GLU       matches     A 149    GLU  
  TRANSFORM   -0.4387  0.5201 -0.7328  0.6656 -0.3598 -0.6538 -0.6037 -0.7746 -0.1883    71.824    53.273    68.806  
 
 Match found in 1f6d_c02     UDP-N-ACETYLGLUCOSAMINE 2-EPIMERASE 
   Pattern 1f6d_c02               Query structure     RMSD=  1.34 A  No. of residues =   3
   ------- -------                --------------- 
    C  95    ASP       matches     A 239    ASP  
    C 117    GLU       matches     A 241    GLU  
    C 131    GLU       matches     A 186    GLU  
  TRANSFORM    0.8017  0.5971 -0.0272 -0.4408  0.5599 -0.7016 -0.4036  0.5745  0.7121    60.777    73.419   149.049  
 
 Match found in 1dub_c17     2-ENOYL-COA HYDRATASE               
   Pattern 1dub_c17               Query structure     RMSD=  1.34 A  No. of residues =   3
   ------- -------                --------------- 
    F 141    GLY       matches     A 159    GLY  
    F 144    GLU       matches     A 121    GLU  
    F 164    GLU       matches     A 186    GLU  
  TRANSFORM   -0.3772 -0.1426 -0.9151  0.8931  0.2058 -0.4001  0.2454 -0.9682  0.0497    19.206    29.406   -32.579  
 
 Match found in 1mro_c00     METHYL-COENZYME M REDUCTASE         
   Pattern 1mro_c00               Query structure     RMSD=  1.35 A  No. of residues =   3
   ------- -------                --------------- 
    A 465    GLY       matches     A 164    GLY  
    A 501    ASP       matches     A 180    ASP  
    B 367    TYR       matches     A 278    TYR  
  TRANSFORM    0.2845 -0.3974  0.8724 -0.9530 -0.2159  0.2124  0.1040 -0.8919 -0.4401    49.937   -37.047   -30.953  
 
 Match found in 1d6o_c01     FK506-BINDING PROTEIN               
   Pattern 1d6o_c01               Query structure     RMSD=  1.35 A  No. of residues =   3
   ------- -------                --------------- 
    B  37    ASP       matches     A 180    ASP  
    B  56    ILE       matches     A 231    ILE  
    B  82    TYR       matches     A 185    TYR  
  TRANSFORM   -0.0916  0.9792  0.1812  0.6592 -0.0768  0.7480  0.7463  0.1880 -0.6385    54.956   102.550   143.041  
 
 Match found in 1dub_c14     2-ENOYL-COA HYDRATASE               
   Pattern 1dub_c14               Query structure     RMSD=  1.35 A  No. of residues =   3
   ------- -------                --------------- 
    C 141    GLY       matches     A 159    GLY  
    C 144    GLU       matches     A 121    GLU  
    C 164    GLU       matches     A 186    GLU  
  TRANSFORM    0.8069 -0.5713  0.1500  0.2588  0.5702  0.7797 -0.5309 -0.5903  0.6080    19.836    51.972   114.252  
 
 Match found in 1ct9_c04     ASPARAGINE SYNTHETASE B             
   Pattern 1ct9_c04               Query structure     RMSD=  1.35 A  No. of residues =   3
   ------- -------                --------------- 
    A   1    ALA       matches     A 100    ALA  
    A  74    ASN       matches     A  99    ASN  
    A  75    GLY       matches     A  98    GLY  
  TRANSFORM   -0.6737  0.0374 -0.7380 -0.5459  0.6479  0.5312  0.4981  0.7608 -0.4161    20.672   -49.152  -116.387  
 
 Match found in 1xny_c00     PROPIONYL-COA CARBOXYLASE COMPLEX B 
   Pattern 1xny_c00               Query structure     RMSD=  1.36 A  No. of residues =   3
   ------- -------                --------------- 
    A 183    GLY       matches     A 323    GLY  
    B 419    GLY       matches     A 320    GLY  
    B 420    ALA       matches     A 319    ALA  
  TRANSFORM   -0.6975 -0.5447  0.4656 -0.6860  0.3198 -0.6535  0.2071 -0.7753 -0.5967    18.055    30.326    64.641  
 
 Match found in 1jxa_c04     GLUCOSAMINE 6-PHOSPHATE SYNTHASE    
   Pattern 1jxa_c04               Query structure     RMSD=  1.36 A  No. of residues =   3
   ------- -------                --------------- 
    C   1    CYH       matches     A 270    CYH  
    C  98    ASN       matches     A 201    ASN  
    C  99    GLY       matches     A 202    GLY  
  TRANSFORM   -0.3969 -0.0028  0.9178 -0.8404  0.4032 -0.3622 -0.3691 -0.9151 -0.1624    82.668    79.942   169.784  
 
 Match found in 1dub_c16     2-ENOYL-COA HYDRATASE               
   Pattern 1dub_c16               Query structure     RMSD=  1.36 A  No. of residues =   3
   ------- -------                --------------- 
    E 141    GLY       matches     A 159    GLY  
    E 144    GLU       matches     A 121    GLU  
    E 164    GLU       matches     A 186    GLU  
  TRANSFORM   -0.5094  0.2301 -0.8292 -0.3703  0.8112  0.4526  0.7768  0.5376 -0.3280    16.530    97.846     1.225  
 
 Match found in 2amg_c06     1,4-ALPHA-D-GLUCAN MALTOTETRAHYDROLA
   Pattern 2amg_c06               Query structure     RMSD=  1.36 A  No. of residues =   3
   ------- -------                --------------- 
      193    ASP       matches     A  27    ASP  
      231    ASP       matches     A 239    ASP  
      294    ASP       matches     A  63    ASP  
  TRANSFORM   -0.6604  0.5129 -0.5485  0.3041 -0.4852 -0.8198 -0.6866 -0.7082  0.1644    33.055    99.633    11.772  
 
 Match found in 2amg_c02     1,4-ALPHA-D-GLUCAN MALTOTETRAHYDROLA
   Pattern 2amg_c02               Query structure     RMSD=  1.37 A  No. of residues =   3
   ------- -------                --------------- 
      193    ASP       matches     A 239    ASP  
      219    GLU       matches     A 241    GLU  
      294    ASP       matches     A 295    ASP  
  TRANSFORM    0.2777 -0.3996  0.8736 -0.9514 -0.2403  0.1925  0.1330 -0.8846 -0.4469    46.939   -20.534    -2.777  
 
 Match found in 1d6o_c00     FK506-BINDING PROTEIN               
   Pattern 1d6o_c00               Query structure     RMSD=  1.37 A  No. of residues =   3
   ------- -------                --------------- 
    A  37    ASP       matches     A 180    ASP  
    A  56    ILE       matches     A 231    ILE  
    A  82    TYR       matches     A 185    TYR  
  TRANSFORM    0.2242 -0.9224 -0.3144 -0.6863  0.0796 -0.7229  0.6919  0.3779 -0.6152    88.911    82.406   139.697  
 
 Match found in 1dub_c15     2-ENOYL-COA HYDRATASE               
   Pattern 1dub_c15               Query structure     RMSD=  1.37 A  No. of residues =   3
   ------- -------                --------------- 
    D 141    GLY       matches     A 159    GLY  
    D 144    GLU       matches     A 121    GLU  
    D 164    GLU       matches     A 186    GLU  
  TRANSFORM    0.4538 -0.2802  0.8459 -0.8907 -0.1146  0.4398 -0.0263 -0.9531 -0.3016    42.881    -5.106    42.902  
 
 Match found in 1ct9_c05     ASPARAGINE SYNTHETASE B             
   Pattern 1ct9_c05               Query structure     RMSD=  1.37 A  No. of residues =   3
   ------- -------                --------------- 
    B   1    ALA       matches     A 100    ALA  
    B  74    ASN       matches     A  99    ASN  
    B  75    GLY       matches     A  98    GLY  
  TRANSFORM    0.6600 -0.0644  0.7485 -0.5867  0.5782  0.5671 -0.4693 -0.8134  0.3438     3.735    42.320   121.583  
 
 Match found in 1ct9_c04     ASPARAGINE SYNTHETASE B             
   Pattern 1ct9_c04               Query structure     RMSD=  1.37 A  No. of residues =   3
   ------- -------                --------------- 
    A   1    ALA       matches     A 103    ALA  
    A  74    ASN       matches     A  99    ASN  
    A  75    GLY       matches     A  98    GLY  
  TRANSFORM    0.8815 -0.4717 -0.0206  0.0387  0.0288  0.9988 -0.4706 -0.8813  0.0436    54.480    32.733    46.727  
 
 Match found in 1bs4_c02     PEPTIDE DEFORMYLASE                 
   Pattern 1bs4_c02               Query structure     RMSD=  1.38 A  No. of residues =   3
   ------- -------                --------------- 
    C1050    GLN       matches     A 203    GLN  
    C1091    LEU       matches     A 192    LEU  
    C1133    GLU       matches     A 241    GLU  
  TRANSFORM    0.9692  0.1073 -0.2217  0.0806  0.7126  0.6969  0.2328 -0.6933  0.6820    48.977    41.208   -37.576  
 
 Match found in 1vom_c00     MYOSIN                              
   Pattern 1vom_c00               Query structure     RMSD=  1.38 A  No. of residues =   3
   ------- -------                --------------- 
      233    ASN       matches     A 193    ASN  
      457    GLY       matches     A 202    GLY  
      459    GLU       matches     A 241    GLU  
  TRANSFORM   -0.6494  0.2315 -0.7244 -0.5843  0.4579  0.6701  0.4868  0.8583 -0.1621    98.805    53.087    53.334  
 
 Match found in 1bs4_c01     PEPTIDE DEFORMYLASE                 
   Pattern 1bs4_c01               Query structure     RMSD=  1.38 A  No. of residues =   3
   ------- -------                --------------- 
    B 550    GLN       matches     A 203    GLN  
    B 591    LEU       matches     A 192    LEU  
    B 633    GLU       matches     A 241    GLU  
  TRANSFORM   -0.6423 -0.3342 -0.6897  0.6466 -0.7194 -0.2536 -0.4114 -0.6089  0.6782    15.458    39.773    29.924  
 
 Match found in 1ct9_c06     ASPARAGINE SYNTHETASE B             
   Pattern 1ct9_c06               Query structure     RMSD=  1.38 A  No. of residues =   3
   ------- -------                --------------- 
    C   1    ALA       matches     A 100    ALA  
    C  74    ASN       matches     A  99    ASN  
    C  75    GLY       matches     A  98    GLY  
  TRANSFORM   -0.6298  0.7140  0.3058  0.3759  0.6247 -0.6844 -0.6797 -0.3161 -0.6618    25.955     8.734   -28.291  
 
 Match found in 1qgx_c02     3',5'-ADENOSINE BISPHOSPHATASE      
   Pattern 1qgx_c02               Query structure     RMSD=  1.39 A  No. of residues =   3
   ------- -------                --------------- 
    A  49    ASP       matches     A 333    ASP  
    A 147    THR       matches     A 273    THR  
    A 294    ASP       matches     A 299    ASP  
  TRANSFORM   -0.7800  0.6253 -0.0239 -0.6068 -0.7465  0.2730  0.1529  0.2275  0.9617   -15.927     4.055     1.399  
 
 Match found in 2tdt_c00     TETRAHYDRODIPICOLINATE N-SUCCINYLTRA
   Pattern 2tdt_c00               Query structure     RMSD=  1.39 A  No. of residues =   3
   ------- -------                --------------- 
      141    ASP       matches     A 108    ASP  
      166    GLY       matches     A 157    GLY  
      169    GLU       matches     A 186    GLU  
  TRANSFORM   -0.1674  0.9825  0.0815 -0.9671 -0.1476 -0.2073 -0.1917 -0.1135  0.9749    19.997    28.021    29.096  
 
 Match found in 1akd_c01     CYTOCHROME P450CAM                  
   Pattern 1akd_c01               Query structure     RMSD=  1.40 A  No. of residues =   3
   ------- -------                --------------- 
      252    THR       matches     A 255    THR  
      350    PHE       matches     A 332    PHE  
      357    CYH       matches     A 305    CYH  
  TRANSFORM   -0.0088 -0.3486 -0.9372  0.2276 -0.9134  0.3376 -0.9737 -0.2103  0.0873   -30.169    29.199    86.147  
 
 Match found in 2z3x_d00     DNA BINDING PROTEIN/DNA             
   Pattern 2z3x_d00               Query structure     RMSD=  1.40 A  No. of residues =   3
   ------- -------                --------------- 
    B  34    SER       matches     A 336    SER  
    B  37    ASN       matches     A 201    ASN  
    B  45    THR       matches     A 190    THR  
  TRANSFORM    0.2831  0.7936  0.5386 -0.8850 -0.0004  0.4656  0.3697 -0.6085  0.7022    19.308   142.163    10.806  
 
 Match found in 1bgl_c08     BETA-GALACTOSIDASE                  
   Pattern 1bgl_c08               Query structure     RMSD=  1.40 A  No. of residues =   3
   ------- -------                --------------- 
    A 461    GLU       matches     A 121    GLU  
    A 503    TYR       matches     A  20    TYR  
    A 537    GLU       matches     A 186    GLU  
  TRANSFORM   -0.9979 -0.0602 -0.0219  0.0080  0.2217 -0.9751  0.0635 -0.9733 -0.2208   -31.376    49.166   133.026  
 
 Match found in 1ct9_c07     ASPARAGINE SYNTHETASE B             
   Pattern 1ct9_c07               Query structure     RMSD=  1.40 A  No. of residues =   3
   ------- -------                --------------- 
    D   1    ALA       matches     A 100    ALA  
    D  74    ASN       matches     A  99    ASN  
    D  75    GLY       matches     A  98    GLY  
  TRANSFORM    0.5931 -0.7801  0.1992 -0.2850  0.0281  0.9581 -0.7530 -0.6250 -0.2057   -19.945    -0.725     6.377  
 
 Match found in 2tdt_c00     TETRAHYDRODIPICOLINATE N-SUCCINYLTRA
   Pattern 2tdt_c00               Query structure     RMSD=  1.40 A  No. of residues =   3
   ------- -------                --------------- 
      141    ASP       matches     A 210    ASP  
      166    GLY       matches     A 164    GLY  
      169    GLU       matches     A 161    GLU  
  TRANSFORM   -0.4569 -0.8339  0.3097 -0.4682  0.5215  0.7134 -0.7564  0.1809 -0.6286    22.713    51.073   -39.168  
 
 Match found in 1mro_c01     METHYL-COENZYME M REDUCTASE         
   Pattern 1mro_c01               Query structure     RMSD=  1.40 A  No. of residues =   3
   ------- -------                --------------- 
    D 465    GLY       matches     A 122    GLY  
    D 501    ASP       matches     A 180    ASP  
    E 367    TYR       matches     A 339    TYR  
  TRANSFORM    0.5535 -0.3110 -0.7726  0.6375 -0.4388  0.6333 -0.5360 -0.8431 -0.0446    35.885    32.556    71.523  
 
 Match found in 1bs4_c00     PEPTIDE DEFORMYLASE                 
   Pattern 1bs4_c00               Query structure     RMSD=  1.41 A  No. of residues =   3
   ------- -------                --------------- 
    A  50    GLN       matches     A 203    GLN  
    A  91    LEU       matches     A 192    LEU  
    A 133    GLU       matches     A 241    GLU  
  TRANSFORM   -0.2669  0.1758  0.9476  0.8025 -0.5040  0.3195  0.5337  0.8457 -0.0066    -8.110    11.913    17.220  
 
 Match found in 2tdt_c00     TETRAHYDRODIPICOLINATE N-SUCCINYLTRA
   Pattern 2tdt_c00               Query structure     RMSD=  1.41 A  No. of residues =   3
   ------- -------                --------------- 
      141    ASP       matches     A 180    ASP  
      166    GLY       matches     A 290    GLY  
      169    GLU       matches     A  45    GLU  
  TRANSFORM    0.1516  0.7476 -0.6466 -0.4140 -0.5460 -0.7284 -0.8976  0.3781  0.2267   -17.857   143.469    54.426  
 
 Match found in 1pjq_c03     SIROHEME SYNTHASE                   
   Pattern 1pjq_c03               Query structure     RMSD=  1.41 A  No. of residues =   3
   ------- -------                --------------- 
    B 248    ASP       matches     A 299    ASP  
    B 270    LYS       matches     A 302    LYS  
    B 382    MET       matches     A  25    MET  
  TRANSFORM   -0.1359 -0.0435  0.9898 -0.7941 -0.5926 -0.1351  0.5924 -0.8043  0.0459    29.657     9.829    45.695  
 
 Match found in 1ct9_c05     ASPARAGINE SYNTHETASE B             
   Pattern 1ct9_c05               Query structure     RMSD=  1.42 A  No. of residues =   3
   ------- -------                --------------- 
    B   1    ALA       matches     A 103    ALA  
    B  74    ASN       matches     A  99    ASN  
    B  75    GLY       matches     A  98    GLY  
  TRANSFORM    0.0420 -0.9193 -0.3912  0.6632  0.3185 -0.6772  0.7472 -0.2310  0.6231    12.541    30.409   -26.636  
 
 Match found in 1mro_c00     METHYL-COENZYME M REDUCTASE         
   Pattern 1mro_c00               Query structure     RMSD=  1.42 A  No. of residues =   3
   ------- -------                --------------- 
    A 465    GLY       matches     A 122    GLY  
    A 501    ASP       matches     A 180    ASP  
    B 367    TYR       matches     A 339    TYR  
  TRANSFORM   -0.9145  0.1585 -0.3723 -0.3530 -0.7621  0.5428 -0.1977  0.6278  0.7529   -23.837    42.956    36.550  
 
 Match found in 1ir3_c02     INSULIN RECEPTOR                    
   Pattern 1ir3_c02               Query structure     RMSD=  1.42 A  No. of residues =   3
   ------- -------                --------------- 
    A1132    ASP       matches     A 300    ASP  
    A1134    ALA       matches     A 310    ALA  
    A1137    ASN       matches     A 303    ASN  
  TRANSFORM    0.1993  0.6446 -0.7381 -0.5960 -0.5181 -0.6135 -0.7779  0.5621  0.2809    -2.769    -1.553    17.203  
 
 Match found in 2tdt_c00     TETRAHYDRODIPICOLINATE N-SUCCINYLTRA
   Pattern 2tdt_c00               Query structure     RMSD=  1.43 A  No. of residues =   3
   ------- -------                --------------- 
      141    ASP       matches     A 300    ASP  
      166    GLY       matches     A 320    GLY  
      169    GLU       matches     A 286    GLU  
  TRANSFORM    0.1831 -0.5869 -0.7887  0.8833 -0.2540  0.3941 -0.4316 -0.7688  0.4719    31.884    29.105    34.539  
 
 Match found in 1ct9_c06     ASPARAGINE SYNTHETASE B             
   Pattern 1ct9_c06               Query structure     RMSD=  1.43 A  No. of residues =   3
   ------- -------                --------------- 
    C   1    ALA       matches     A 103    ALA  
    C  74    ASN       matches     A  99    ASN  
    C  75    GLY       matches     A  98    GLY  
  TRANSFORM   -0.6590  0.4729  0.5849 -0.3685  0.4749 -0.7992 -0.6557 -0.7422 -0.1387    -8.615    13.716    13.850  
 
 Match found in 3gxq_d00     DNA BINDING PROTEIN/DNA             
   Pattern 3gxq_d00               Query structure     RMSD=  1.43 A  No. of residues =   3
   ------- -------                --------------- 
    A  18    SER       matches     A 165    SER  
    A  20    HIS       matches     A 163    HIS  
    A  22    LEU       matches     A 192    LEU  
  TRANSFORM    0.4045  0.4924 -0.7707 -0.6980  0.7107  0.0877  0.5909  0.5025  0.6312     1.824    71.921    31.152  
 
 Match found in 1amy_c05     ALPHA-1,4 GLYCAN-4-GLUCANOHYDROLASE 
   Pattern 1amy_c05               Query structure     RMSD=  1.43 A  No. of residues =   3
   ------- -------                --------------- 
      179    ASP       matches     A 239    ASP  
      204    GLU       matches     A 241    GLU  
      289    ASP       matches     A 295    ASP  
  TRANSFORM   -0.5903 -0.5780 -0.5634  0.5340  0.2437 -0.8096  0.6052 -0.7788  0.1648   -11.929    54.203   133.648  
 
 Match found in 1ct9_c07     ASPARAGINE SYNTHETASE B             
   Pattern 1ct9_c07               Query structure     RMSD=  1.44 A  No. of residues =   3
   ------- -------                --------------- 
    D   1    ALA       matches     A 103    ALA  
    D  74    ASN       matches     A  99    ASN  
    D  75    GLY       matches     A  98    GLY  
  TRANSFORM    0.2386  0.5792 -0.7795 -0.9699  0.1027 -0.2206 -0.0477  0.8087  0.5863    17.207    95.602     3.293  
 
 Match found in 2amg_c06     1,4-ALPHA-D-GLUCAN MALTOTETRAHYDROLA
   Pattern 2amg_c06               Query structure     RMSD=  1.45 A  No. of residues =   3
   ------- -------                --------------- 
      193    ASP       matches     A  61    ASP  
      231    ASP       matches     A 239    ASP  
      294    ASP       matches     A  63    ASP  
  TRANSFORM   -0.0983  0.8486 -0.5199  0.9768  0.1822  0.1127  0.1904 -0.4967 -0.8468    72.264   -10.985    43.387  
 
 Match found in 1cs1_c03     CYSTATHIONINE GAMMA-SYNTHASE        
   Pattern 1cs1_c03               Query structure     RMSD=  1.45 A  No. of residues =   3
   ------- -------                --------------- 
    B 101    TYR       matches     A  20    TYR  
    B 173    ASP       matches     A 295    ASP  
    D  48    ARG       matches     A 188    ARG  
  TRANSFORM   -0.0006 -0.8309  0.5565  0.6686  0.4135  0.6181 -0.7436  0.3724  0.5553    29.990    38.038    83.670  
 
 Match found in 1m53_c05     ISOMALTULOSE SYNTHASE               
   Pattern 1m53_c05               Query structure     RMSD=  1.45 A  No. of residues =   3
   ------- -------                --------------- 
    A 241    ASP       matches     A  27    ASP  
    A 265    GLU       matches     A  39    GLU  
    A 369    ASP       matches     A  63    ASP  
  TRANSFORM    0.4159 -0.0469 -0.9082  0.5810  0.7820  0.2258  0.6996 -0.6216  0.3525    29.868    67.322    40.360  
 
 Match found in 1bu7_c02     CYTOCHROME P450                     
   Pattern 1bu7_c02               Query structure     RMSD=  1.45 A  No. of residues =   3
   ------- -------                --------------- 
    A 268    THR       matches     A 255    THR  
    A 393    PHE       matches     A 332    PHE  
    A 400    CYH       matches     A 305    CYH  
  TRANSFORM    0.1487  0.9779  0.1472 -0.9070  0.1942 -0.3737 -0.3940 -0.0779  0.9158     2.000   -16.161   -29.947  
 
 Match found in 3hde_o00     LYSOZYME                            
   Pattern 3hde_o00               Query structure     RMSD=  1.46 A  No. of residues =   3
   ------- -------                --------------- 
    A  35    GLU       matches     A 161    GLU  
    A  44    ASP       matches     A 239    ASP  
    A  50    THR       matches     A 189    THR  
  TRANSFORM    0.1445  0.9510  0.2734 -0.9848  0.1115  0.1329  0.0959 -0.2885  0.9527    92.405    53.989    -2.581  
 
 Match found in 1xva_c03     GLYCINE N-METHYLTRANSFERASE         
