******************************************************* user.XUMS **************************************************************
  TRANSFORM   -0.0839 -0.9958 -0.0354  0.9000 -0.0909  0.4262 -0.4277  0.0039  0.9039    -9.841    25.709     2.125  
 
 Match found in 2tdt_c00     TETRAHYDRODIPICOLINATE N-SUCCINYLTRA
   Pattern 2tdt_c00               Query structure     RMSD=  0.54 A  No. of residues =   3
   ------- -------                --------------- 
      141    ASP       matches     A  16    ASP  
      166    GLY       matches     A  34    GLY  
      169    GLU       matches     A  44    GLU  
  TRANSFORM    0.1113 -0.5017 -0.8579 -0.8731 -0.4617  0.1568 -0.4747  0.7315 -0.4894     5.697    -8.747    -4.152  
 
 Match found in 1qrz_c22     PLASMINOGEN                         
   Pattern 1qrz_c22               Query structure     RMSD=  0.74 A  No. of residues =   3
   ------- -------                --------------- 
    C 603    HIS       matches     A  74    HIS  
    C 646    ASP       matches     A  76    ASP  
    C 739    GLY       matches     A  34    GLY  
  TRANSFORM    0.4673 -0.8573  0.2160  0.8836  0.4450 -0.1454  0.0286  0.2588  0.9655    -7.388     2.775    34.054  
 
 Match found in 1qrz_c20     PLASMINOGEN                         
   Pattern 1qrz_c20               Query structure     RMSD=  0.74 A  No. of residues =   3
   ------- -------                --------------- 
    A 603    HIS       matches     A  74    HIS  
    A 646    ASP       matches     A  76    ASP  
    A 739    GLY       matches     A  34    GLY  
  TRANSFORM    0.5124 -0.8376  0.1897  0.8550  0.4768 -0.2043  0.0806  0.2668  0.9604   -35.052     2.036    -4.006  
 
 Match found in 1qrz_c21     PLASMINOGEN                         
   Pattern 1qrz_c21               Query structure     RMSD=  0.79 A  No. of residues =   3
   ------- -------                --------------- 
    B 603    HIS       matches     A  74    HIS  
    B 646    ASP       matches     A  76    ASP  
    B 739    GLY       matches     A  34    GLY  
  TRANSFORM    0.0731 -0.5378 -0.8399 -0.8637 -0.4552  0.2163 -0.4986  0.7096 -0.4978   -48.195    -8.272    34.112  
 
 Match found in 1qrz_c23     PLASMINOGEN                         
   Pattern 1qrz_c23               Query structure     RMSD=  0.80 A  No. of residues =   3
   ------- -------                --------------- 
    D 603    HIS       matches     A  74    HIS  
    D 646    ASP       matches     A  76    ASP  
    D 739    GLY       matches     A  34    GLY  
  TRANSFORM   -0.5830 -0.2882 -0.7597  0.2404  0.8319 -0.5001  0.7761 -0.4742 -0.4157    -6.807    -7.013     8.263  
 
 Match found in 1wbf_p00     PROTEIN (AGGLUTININ)                
   Pattern 1wbf_p00               Query structure     RMSD=  0.86 A  No. of residues =   3
   ------- -------                --------------- 
    A  44    ASN       matches     A 205    ASN  
    A 213    PRO       matches     A 206    PRO  
    A 219    ASN       matches     A 212    ASN  
  TRANSFORM    0.4382  0.2761  0.8554  0.8933 -0.2393 -0.3804  0.0997  0.9309 -0.3515   -18.352     5.208    31.772  
 
 Match found in 1qrz_c20     PLASMINOGEN                         
   Pattern 1qrz_c20               Query structure     RMSD=  0.92 A  No. of residues =   3
   ------- -------                --------------- 
    A 603    HIS       matches     A 111    HIS  
    A 646    ASP       matches     A 231    ASP  
    A 739    GLY       matches     A 107    GLY  
  TRANSFORM    0.0352 -0.8066  0.5901 -0.8825  0.2520  0.3971 -0.4690 -0.5347 -0.7030     4.621   -11.432     6.932  
 
 Match found in 1qrz_c22     PLASMINOGEN                         
   Pattern 1qrz_c22               Query structure     RMSD=  0.94 A  No. of residues =   3
   ------- -------                --------------- 
    C 603    HIS       matches     A 111    HIS  
    C 646    ASP       matches     A 231    ASP  
    C 739    GLY       matches     A 107    GLY  
  TRANSFORM   -0.1265  0.5058  0.8533 -0.0532 -0.8624  0.5033  0.9905  0.0183  0.1361    28.385    52.911    91.973  
 
 Match found in 2v3r_p00     EXOGLUCANASE 1                      
   Pattern 2v3r_p00               Query structure     RMSD=  0.95 A  No. of residues =   3
   ------- -------                --------------- 
    A 270    ASN       matches     A 212    ASN  
    A 384    ASN       matches     A 240    ASN  
    A 385    GLU       matches     A 188    GLU  
  TRANSFORM    0.5425 -0.7771  0.3191 -0.5211 -0.6092 -0.5977  0.6589  0.1580 -0.7355    12.916    16.341   -18.718  
 
 Match found in 1mro_c00     METHYL-COENZYME M REDUCTASE         
   Pattern 1mro_c00               Query structure     RMSD=  0.97 A  No. of residues =   3
   ------- -------                --------------- 
    A 465    GLY       matches     A  34    GLY  
    A 501    ASP       matches     A 177    ASP  
    B 367    TYR       matches     A 256    TYR  
  TRANSFORM   -0.0040 -0.7833  0.6217 -0.8698  0.3094  0.3843 -0.4934 -0.5392 -0.6825   -49.602   -11.215    45.100  
 
 Match found in 1qrz_c23     PLASMINOGEN                         
   Pattern 1qrz_c23               Query structure     RMSD=  0.98 A  No. of residues =   3
   ------- -------                --------------- 
    D 603    HIS       matches     A 111    HIS  
    D 646    ASP       matches     A 231    ASP  
    D 739    GLY       matches     A 107    GLY  
  TRANSFORM   -0.6903  0.6147 -0.3816  0.2821 -0.2570 -0.9243 -0.6663 -0.7457  0.0040    12.683    41.326    27.323  
 
 Match found in 1amy_c01     ALPHA-1,4 GLYCAN-4-GLUCANOHYDROLASE 
   Pattern 1amy_c01               Query structure     RMSD=  0.98 A  No. of residues =   3
   ------- -------                --------------- 
      179    ASP       matches     A 191    ASP  
      214    ASP       matches     A   9    ASP  
      289    ASP       matches     A 241    ASP  
  TRANSFORM    0.7746 -0.0054  0.6325 -0.1121  0.9829  0.1458 -0.6225 -0.1838  0.7607    34.248    59.405   -46.800  
 
 Match found in 1mro_c01     METHYL-COENZYME M REDUCTASE         
   Pattern 1mro_c01               Query structure     RMSD=  0.99 A  No. of residues =   3
   ------- -------                --------------- 
    D 465    GLY       matches     A  34    GLY  
    D 501    ASP       matches     A 177    ASP  
    E 367    TYR       matches     A 256    TYR  
  TRANSFORM   -0.2203 -0.9158 -0.3359 -0.2666  0.3878 -0.8824  0.9383 -0.1048 -0.3295    56.521    23.987    20.395  
 
 Match found in 1eo7_c00     CYCLODEXTRIN GLYCOSYLTRANSFERASE    
   Pattern 1eo7_c00               Query structure     RMSD=  1.00 A  No. of residues =   3
   ------- -------                --------------- 
    A 229    ALA       matches     A 135    ALA  
    A 257    ALA       matches     A  93    ALA  
    A 328    ASP       matches     A  88    ASP  
  TRANSFORM   -0.9718  0.0110  0.2355  0.0646  0.9730  0.2214 -0.2267  0.2303 -0.9463    27.516    31.141    39.587  
 
 Match found in 2hos_d00     TRANSCRIPTION/DNA                   
   Pattern 2hos_d00               Query structure     RMSD=  1.01 A  No. of residues =   3
   ------- -------                --------------- 
    A   5    ARG       matches     A 292    ARG  
    A  50    LYS       matches     A 152    LYS  
    A  51    ASN       matches     A 150    ASN  
  TRANSFORM    0.9319 -0.0419  0.3602 -0.3621 -0.0558  0.9304 -0.0189 -0.9976 -0.0672   -39.353    51.472     1.308  
 
 Match found in 1ir3_c02     INSULIN RECEPTOR                    
   Pattern 1ir3_c02               Query structure     RMSD=  1.04 A  No. of residues =   3
   ------- -------                --------------- 
    A1132    ASP       matches     A 192    ASP  
    A1134    ALA       matches     A 204    ALA  
    A1137    ASN       matches     A 205    ASN  
  TRANSFORM   -0.3047  0.7128  0.6317 -0.9522 -0.2442 -0.1838  0.0233 -0.6575  0.7531     1.232    15.955   -12.391  
 
 Match found in 2tdt_c00     TETRAHYDRODIPICOLINATE N-SUCCINYLTRA
   Pattern 2tdt_c00               Query structure     RMSD=  1.07 A  No. of residues =   3
   ------- -------                --------------- 
      141    ASP       matches     A 226    ASP  
      166    GLY       matches     A 279    GLY  
      169    GLU       matches     A 277    GLU  
  TRANSFORM   -0.8504 -0.2806  0.4451 -0.0679  0.8974  0.4360 -0.5217  0.3405 -0.7822    26.165    21.305   -15.696  
 
 Match found in 1mro_c00     METHYL-COENZYME M REDUCTASE         
   Pattern 1mro_c00               Query structure     RMSD=  1.10 A  No. of residues =   3
   ------- -------                --------------- 
    A 465    GLY       matches     A 160    GLY  
    A 501    ASP       matches     A 202    ASP  
    B 367    TYR       matches     A 132    TYR  
  TRANSFORM    0.4697 -0.8376  0.2789  0.8476  0.3396 -0.4076  0.2467  0.4279  0.8695   -21.948    29.621    25.543  
 
 Match found in 1zrz_c02     PROTEIN KINASE C, IOTA              
   Pattern 1zrz_c02               Query structure     RMSD=  1.10 A  No. of residues =   3
   ------- -------                --------------- 
    A 369    ASP       matches     A 270    ASP  
    A 371    LYS       matches     A 278    LYS  
    A 407    THR       matches     A 199    THR  
  TRANSFORM   -0.0625 -0.8502 -0.5228  0.3025 -0.5153  0.8018 -0.9511 -0.1080  0.2894    14.499     3.676    12.555  
 
 Match found in 3cla_c00     TYPE III CHLORAMPHENICOL ACETYLTRANS
   Pattern 3cla_c00               Query structure     RMSD=  1.12 A  No. of residues =   3
   ------- -------                --------------- 
       18    ARG       matches     A 292    ARG  
      195    HIS       matches     A 111    HIS  
      199    ASP       matches     A  33    ASP  
  TRANSFORM    0.7357 -0.6217 -0.2689  0.3525  0.6904 -0.6317  0.5784  0.3700  0.7270    21.556    58.282     0.108  
 
 Match found in 1ddj_c12     PLASMINOGEN                         
   Pattern 1ddj_c12               Query structure     RMSD=  1.14 A  No. of residues =   3
   ------- -------                --------------- 
    A 603    HIS       matches     A 111    HIS  
    A 646    ASP       matches     A  33    ASP  
    A 739    GLY       matches     A 107    GLY  
  TRANSFORM   -0.5028 -0.8592 -0.0954  0.7179 -0.3535 -0.5997  0.4815 -0.3700  0.7945    38.814    45.902   -49.274  
 
 Match found in 1mro_c01     METHYL-COENZYME M REDUCTASE         
   Pattern 1mro_c01               Query structure     RMSD=  1.14 A  No. of residues =   3
   ------- -------                --------------- 
    D 465    GLY       matches     A 160    GLY  
    D 501    ASP       matches     A 202    ASP  
    E 367    TYR       matches     A 132    TYR  
  TRANSFORM   -0.0146  0.0540  0.9984 -0.7184  0.6939 -0.0480 -0.6954 -0.7180  0.0286    37.207    39.803    32.632  
 
 Match found in 1lio_c01     ADENOSINE KINASE                    
   Pattern 1lio_c01               Query structure     RMSD=  1.17 A  No. of residues =   3
   ------- -------                --------------- 
    A 316    ALA       matches     A 269    ALA  
    A 317    GLY       matches     A 197    GLY  
    A 318    ASP       matches     A 270    ASP  
  TRANSFORM   -0.2954  0.3889 -0.8726 -0.9227 -0.3530  0.1550 -0.2478  0.8510  0.4631    44.826    -0.140    29.165  
 
 Match found in 1luc_c00     BACTERIAL LUCIFERASE                
   Pattern 1luc_c00               Query structure     RMSD=  1.18 A  No. of residues =   3
   ------- -------                --------------- 
    A  44    HIS       matches     A 111    HIS  
    A  45    HIS       matches     A 148    HIS  
    A 261    PHE       matches     A 129    PHE  
  TRANSFORM    0.7273 -0.6525 -0.2130  0.3713  0.6350 -0.6774  0.5772  0.4136  0.7041    19.106    57.504    63.183  
 
 Match found in 1ddj_c14     PLASMINOGEN                         
   Pattern 1ddj_c14               Query structure     RMSD=  1.19 A  No. of residues =   3
   ------- -------                --------------- 
    C 603    HIS       matches     A 111    HIS  
    C 646    ASP       matches     A  33    ASP  
    C 739    GLY       matches     A 107    GLY  
  TRANSFORM   -0.7389 -0.6145 -0.2764  0.1443  0.2563 -0.9558  0.6582 -0.7461 -0.1007   -35.937    36.176    59.389  
 
 Match found in 2z3x_d00     DNA BINDING PROTEIN/DNA             
   Pattern 2z3x_d00               Query structure     RMSD=  1.19 A  No. of residues =   3
   ------- -------                --------------- 
    B  34    SER       matches     A 252    SER  
    B  37    ASN       matches     A 235    ASN  
    B  45    THR       matches     A 274    THR  
  TRANSFORM    0.8080 -0.3209  0.4941 -0.5273 -0.7680  0.3634  0.2628 -0.5542 -0.7898    23.641    13.833    25.394  
 
 Match found in 1bp2_c00     PHOSPHOLIPASE A2 (E.C.3.1.1.4) (PHOS
   Pattern 1bp2_c00               Query structure     RMSD=  1.19 A  No. of residues =   3
   ------- -------                --------------- 
       30    GLY       matches     A  75    GLY  
       48    HIS       matches     A 111    HIS  
       99    ASP       matches     A  33    ASP  
  TRANSFORM   -0.8656 -0.2877 -0.4099  0.3790  0.1586 -0.9117  0.3273 -0.9445 -0.0282   -32.663    35.815    55.632  
 
 Match found in 2z3x_d00     DNA BINDING PROTEIN/DNA             
   Pattern 2z3x_d00               Query structure     RMSD=  1.20 A  No. of residues =   3
   ------- -------                --------------- 
    B  34    SER       matches     A 252    SER  
    B  37    ASN       matches     A 235    ASN  
    B  45    THR       matches     A 272    THR  
  TRANSFORM   -0.0529  0.6777  0.7334  0.8754 -0.3219  0.3606  0.4805  0.6611 -0.5762     0.226    25.955    11.532  
 
 Match found in 2tdt_c00     TETRAHYDRODIPICOLINATE N-SUCCINYLTRA
   Pattern 2tdt_c00               Query structure     RMSD=  1.21 A  No. of residues =   3
   ------- -------                --------------- 
      141    ASP       matches     A 102    ASP  
      166    GLY       matches     A   4    GLY  
      169    GLU       matches     A  15    GLU  
  TRANSFORM    0.1099 -0.4030 -0.9086 -0.2853  0.8629 -0.4172  0.9521  0.3051 -0.0202   -14.076    23.634    35.026  
 
 Match found in 1inp_c02     INOSITOL POLYPHOSPHATE 1-PHOSPHATASE
   Pattern 1inp_c02               Query structure     RMSD=  1.22 A  No. of residues =   3
   ------- -------                --------------- 
       54    ASP       matches     A 270    ASP  
      158    THR       matches     A 199    THR  
      317    ASP       matches     A 231    ASP  
  TRANSFORM   -0.9644 -0.1831 -0.1910 -0.2227  0.1718  0.9596 -0.1429  0.9680 -0.2064   -34.309    35.691    39.495  
 
 Match found in 1ddj_c15     PLASMINOGEN                         
   Pattern 1ddj_c15               Query structure     RMSD=  1.23 A  No. of residues =   3
   ------- -------                --------------- 
    D 603    HIS       matches     A 111    HIS  
    D 646    ASP       matches     A  33    ASP  
    D 739    GLY       matches     A 107    GLY  
  TRANSFORM    0.7665 -0.5376 -0.3515  0.6035  0.4156  0.6805 -0.2197 -0.7337  0.6429     1.626    72.477    98.928  
 
 Match found in 2v3r_p00     EXOGLUCANASE 1                      
   Pattern 2v3r_p00               Query structure     RMSD=  1.25 A  No. of residues =   3
   ------- -------                --------------- 
    A 270    ASN       matches     A 271    ASN  
    A 384    ASN       matches     A 247    ASN  
    A 385    GLU       matches     A 250    GLU  
  TRANSFORM   -0.7561 -0.3443 -0.5565 -0.4459 -0.3514  0.8232 -0.4790  0.8706  0.1122    62.082    24.607   -38.360  
 
 Match found in 1vom_c00     MYOSIN                              
   Pattern 1vom_c00               Query structure     RMSD=  1.25 A  No. of residues =   3
   ------- -------                --------------- 
      233    ASN       matches     A 142    ASN  
      457    GLY       matches     A 107    GLY  
      459    GLU       matches     A 144    GLU  
  TRANSFORM   -0.8320  0.4844  0.2704 -0.5140 -0.4899 -0.7042 -0.2086 -0.7249  0.6565     0.462   -18.035    29.256  
 
 Match found in 1wbf_p00     PROTEIN (AGGLUTININ)                
   Pattern 1wbf_p00               Query structure     RMSD=  1.26 A  No. of residues =   3
   ------- -------                --------------- 
    A  44    ASN       matches     A 235    ASN  
    A 213    PRO       matches     A 236    PRO  
    A 219    ASN       matches     A 187    ASN  
  TRANSFORM   -0.9351 -0.3526 -0.0352 -0.1495  0.3025  0.9413 -0.3212  0.8855 -0.3356   -31.745    38.709   -25.290  
 
 Match found in 1ddj_c13     PLASMINOGEN                         
   Pattern 1ddj_c13               Query structure     RMSD=  1.26 A  No. of residues =   3
   ------- -------                --------------- 
    B 603    HIS       matches     A 111    HIS  
    B 646    ASP       matches     A  33    ASP  
    B 739    GLY       matches     A 107    GLY  
  TRANSFORM   -0.6609 -0.7470 -0.0721  0.4135 -0.2823 -0.8657  0.6263 -0.6019  0.4954    14.771    -2.316    14.239  
 
 Match found in 3cla_c00     TYPE III CHLORAMPHENICOL ACETYLTRANS
   Pattern 3cla_c00               Query structure     RMSD=  1.26 A  No. of residues =   3
   ------- -------                --------------- 
       18    ARG       matches     A 292    ARG  
      195    HIS       matches     A 148    HIS  
      199    ASP       matches     A 231    ASP  
  TRANSFORM   -0.5664 -0.7747  0.2812  0.4750 -0.0280  0.8795 -0.6735  0.6318  0.3838     7.035    37.665    84.597  
 
 Match found in 1m53_c06     ISOMALTULOSE SYNTHASE               
   Pattern 1m53_c06               Query structure     RMSD=  1.27 A  No. of residues =   3
   ------- -------                --------------- 
    A 241    ASP       matches     A 231    ASP  
    A 279    GLU       matches     A 277    GLU  
    A 369    ASP       matches     A  33    ASP  
  TRANSFORM   -0.2155 -0.3449 -0.9136 -0.6250 -0.6701  0.4004 -0.7503  0.6573 -0.0711    26.425    50.521    82.930  
 
 Match found in 1m53_c06     ISOMALTULOSE SYNTHASE               
   Pattern 1m53_c06               Query structure     RMSD=  1.27 A  No. of residues =   3
   ------- -------                --------------- 
    A 241    ASP       matches     A 168    ASP  
    A 279    GLU       matches     A 219    GLU  
    A 369    ASP       matches     A 123    ASP  
  TRANSFORM    0.3465  0.5465  0.7624 -0.1811 -0.7585  0.6260  0.9204 -0.3550 -0.1638     9.247    -2.449    16.385  
 
 Match found in 1emd_c01     MALATE DEHYDROGENASE (E.C.1.1.1.37) 
   Pattern 1emd_c01               Query structure     RMSD=  1.28 A  No. of residues =   3
   ------- -------                --------------- 
      150    ASP       matches     A 231    ASP  
      153    ARG       matches     A 292    ARG  
      177    HIS       matches     A 148    HIS  
  TRANSFORM    0.7968 -0.5910  0.1260 -0.0784  0.1057  0.9913 -0.5992 -0.7997  0.0379    54.846    37.980    10.081  
 
 Match found in 1uok_c05     OLIGO-1,6-GLUCOSIDASE               
   Pattern 1uok_c05               Query structure     RMSD=  1.29 A  No. of residues =   3
   ------- -------                --------------- 
      199    ASP       matches     A  33    ASP  
      242    GLU       matches     A  40    GLU  
      329    ASP       matches     A 231    ASP  
  TRANSFORM   -0.0580 -0.8104 -0.5830 -0.9244  0.2641 -0.2751  0.3770  0.5230 -0.7645   -30.988    35.182    42.712  
 
 Match found in 1ddj_c15     PLASMINOGEN                         
   Pattern 1ddj_c15               Query structure     RMSD=  1.30 A  No. of residues =   3
   ------- -------                --------------- 
    D 603    HIS       matches     A 148    HIS  
    D 646    ASP       matches     A 231    ASP  
    D 739    GLY       matches     A  34    GLY  
  TRANSFORM    0.8221 -0.5158  0.2410  0.5024  0.4582 -0.7333  0.2678  0.7239  0.6358    16.900    19.097     7.310  
 
 Match found in 1ldm_c01     M4 LACTATE DEHYDROGENASE            
   Pattern 1ldm_c01               Query structure     RMSD=  1.30 A  No. of residues =   3
   ------- -------                --------------- 
      166    ASP       matches     A 231    ASP  
      169    ARG       matches     A 292    ARG  
      193    HIS       matches     A 148    HIS  
  TRANSFORM    0.7396  0.4863  0.4652  0.1888  0.5136 -0.8370 -0.6460  0.7069  0.2881    46.527    20.118    32.834  
 
 Match found in 4mdh_c03     CYTOPLASMIC MALATE DEHYDROGENASE (E.
   Pattern 4mdh_c03               Query structure     RMSD=  1.30 A  No. of residues =   3
   ------- -------                --------------- 
    B 158    ASP       matches     A 231    ASP  
    B 161    ARG       matches     A 292    ARG  
    B 186    HIS       matches     A 148    HIS  
  TRANSFORM   -0.0677  0.3993  0.9143  0.9761 -0.1632  0.1435  0.2065  0.9022 -0.3787    34.379    51.885   112.912  
 
 Match found in 2v3r_p00     EXOGLUCANASE 1                      
   Pattern 2v3r_p00               Query structure     RMSD=  1.31 A  No. of residues =   3
   ------- -------                --------------- 
    A 270    ASN       matches     A 187    ASN  
    A 384    ASN       matches     A 259    ASN  
    A 385    GLU       matches     A 255    GLU  
  TRANSFORM   -0.8288 -0.5496  0.1054 -0.5588  0.8026 -0.2086  0.0300 -0.2317 -0.9723    19.747   109.281    30.647  
 
 Match found in 1bd3_c00     URACIL PHOSPHORIBOSYLTRANSFERASE    
   Pattern 1bd3_c00               Query structure     RMSD=  1.31 A  No. of residues =   3
   ------- -------                --------------- 
    A 137    ARG       matches     A 213    ARG  
    A 141    THR       matches     A 216    THR  
    A 235    ASP       matches     A 192    ASP  
  TRANSFORM    0.3171 -0.9164 -0.2442  0.7518  0.0859  0.6538 -0.5782 -0.3908  0.7162    59.846     4.264    21.411  
 
 Match found in 1t4c_c02     FORMYL-COENZYME A TRANSFERASE       
   Pattern 1t4c_c02               Query structure     RMSD=  1.31 A  No. of residues =   3
   ------- -------                --------------- 
    A 261    GLY       matches     A 160    GLY  
    B  17    GLN       matches     A 156    GLN  
    B 140    GLU       matches     A 159    GLU  
  TRANSFORM   -0.9442 -0.2206 -0.2447  0.0712 -0.8618  0.5021 -0.3217  0.4567  0.8294    36.020     7.594    20.668  
 
 Match found in 1ff3_c01     PEPTIDE METHIONINE SULFOXIDE REDUCTA
   Pattern 1ff3_c01               Query structure     RMSD=  1.31 A  No. of residues =   3
   ------- -------                --------------- 
    A  94    GLU       matches     A 258    GLU  
    A 198    CYH       matches     A 249    CYH  
    A 206    CYH       matches     A 290    CYH  
  TRANSFORM   -0.9442 -0.2206 -0.2447  0.0712 -0.8618  0.5021 -0.3217  0.4567  0.8294    36.020     7.594    20.668  
 
 Match found in 1ff3_c00     PEPTIDE METHIONINE SULFOXIDE REDUCTA
   Pattern 1ff3_c00               Query structure     RMSD=  1.31 A  No. of residues =   3
   ------- -------                --------------- 
    A  94    GLU       matches     A 258    GLU  
    A 198    CYH       matches     A 249    CYH  
    A 206    CYH       matches     A 290    CYH  
  TRANSFORM   -0.0671  0.5042  0.8610 -0.9309  0.2788 -0.2359 -0.3590 -0.8174  0.4506    46.141     2.460    97.286  
 
 Match found in 1nw9_c02     CASPASE 9, APOPTOSIS-RELATED CYSTEIN
   Pattern 1nw9_c02               Query structure     RMSD=  1.32 A  No. of residues =   3
   ------- -------                --------------- 
    B 237    HIS       matches     A  74    HIS  
    B 238    GLY       matches     A  75    GLY  
    B 287    CYH       matches     A  37    CYH  
  TRANSFORM   -0.2195 -0.7806 -0.5853  0.2752  0.5260 -0.8047  0.9360 -0.3377  0.0994    -9.417    22.133    70.635  
 
 Match found in 1m53_c05     ISOMALTULOSE SYNTHASE               
   Pattern 1m53_c05               Query structure     RMSD=  1.33 A  No. of residues =   3
   ------- -------                --------------- 
    A 241    ASP       matches     A 241    ASP  
    A 265    GLU       matches     A 255    GLU  
    A 369    ASP       matches     A 191    ASP  
  TRANSFORM   -0.1980  0.8794  0.4330  0.5221  0.4685 -0.7127 -0.8296  0.0849 -0.5519    73.177    13.576    33.721  
 
 Match found in 2phk_c03     MC-PEPTIDE                          
   Pattern 2phk_c03               Query structure     RMSD=  1.33 A  No. of residues =   3
   ------- -------                --------------- 
    A 149    ASP       matches     A 261    ASP  
    A 151    LYS       matches     A 263    LYS  
    A 154    ASN       matches     A 259    ASN  
  TRANSFORM   -0.5671 -0.2554 -0.7830  0.5684  0.5667 -0.5965  0.5961 -0.7833 -0.1762    17.909    30.432    53.041  
 
 Match found in 4mdh_c02     CYTOPLASMIC MALATE DEHYDROGENASE (E.
   Pattern 4mdh_c02               Query structure     RMSD=  1.33 A  No. of residues =   3
   ------- -------                --------------- 
    A 158    ASP       matches     A 231    ASP  
    A 161    ARG       matches     A 292    ARG  
    A 186    HIS       matches     A 148    HIS  
  TRANSFORM   -0.7936  0.4321  0.4283 -0.5956 -0.6954 -0.4021  0.1240 -0.5742  0.8092    76.422    66.319    65.537  
 
 Match found in 1sca_c00     SUBTILISIN CARLSBERG (E.C.3.4.21.62)
   Pattern 1sca_c00               Query structure     RMSD=  1.33 A  No. of residues =   3
   ------- -------                --------------- 
       32    ASP       matches     A  33    ASP  
       64    HIS       matches     A 111    HIS  
      221    SER       matches     A  73    SER  
  TRANSFORM   -0.0320  0.3926  0.9192  0.9992 -0.0105  0.0393  0.0251  0.9197 -0.3919   -10.531    48.447    52.154  
 
 Match found in 2r11_o02     CARBOXYLESTERASE NP                 
   Pattern 2r11_o02               Query structure     RMSD=  1.33 A  No. of residues =   3
   ------- -------                --------------- 
    C 130    SER       matches     A 221    SER  
    C 166    PHE       matches     A 214    PHE  
    C 182    PHE       matches     A 230    PHE  
  TRANSFORM    0.0128 -0.8945 -0.4469 -0.9995  0.0019 -0.0324  0.0299  0.4471 -0.8940   -40.565    53.012    88.351  
 
 Match found in 2r11_o00     CARBOXYLESTERASE NP                 
   Pattern 2r11_o00               Query structure     RMSD=  1.33 A  No. of residues =   3
   ------- -------                --------------- 
    A 130    SER       matches     A 221    SER  
    A 166    PHE       matches     A 214    PHE  
    A 182    PHE       matches     A 230    PHE  
  TRANSFORM    0.3889  0.8540  0.3456 -0.8689  0.2154  0.4457  0.3062 -0.4736  0.8258   -31.117    55.066    87.334  
 
 Match found in 2r11_o01     CARBOXYLESTERASE NP                 
   Pattern 2r11_o01               Query structure     RMSD=  1.34 A  No. of residues =   3
   ------- -------                --------------- 
    B 130    SER       matches     A 221    SER  
    B 166    PHE       matches     A 214    PHE  
    B 182    PHE       matches     A 230    PHE  
  TRANSFORM    0.1179 -0.8870  0.4464  0.9172 -0.0750 -0.3913  0.3806  0.4556  0.8047    44.243    20.406   116.015  
 
 Match found in 1nw9_c02     CASPASE 9, APOPTOSIS-RELATED CYSTEIN
   Pattern 1nw9_c02               Query structure     RMSD=  1.34 A  No. of residues =   3
   ------- -------                --------------- 
    B 237    HIS       matches     A  14    HIS  
    B 238    GLY       matches     A  10    GLY  
    B 287    CYH       matches     A  13    CYH  
  TRANSFORM    0.6948  0.2076 -0.6886  0.4865  0.5696  0.6625  0.5298 -0.7953  0.2947   137.935    31.686   -19.085  
 
 Match found in 1lij_c01     ADENOSINE KINASE                    
   Pattern 1lij_c01               Query structure     RMSD=  1.35 A  No. of residues =   3
   ------- -------                --------------- 
    A 316    ALA       matches     A 269    ALA  
    A 317    GLY       matches     A 197    GLY  
    A 318    ASP       matches     A 270    ASP  
  TRANSFORM    0.8836 -0.4342 -0.1752  0.4681  0.8271  0.3111  0.0099 -0.3569  0.9341    53.047   -18.343    -8.827  
 
 Match found in 1d6o_c00     FK506-BINDING PROTEIN               
   Pattern 1d6o_c00               Query structure     RMSD=  1.36 A  No. of residues =   3
   ------- -------                --------------- 
    A  37    ASP       matches     A 168    ASP  
    A  56    ILE       matches     A 223    ILE  
    A  82    TYR       matches     A 179    TYR  
  TRANSFORM   -0.4972 -0.3483 -0.7947  0.8675 -0.2190 -0.4467 -0.0184 -0.9115  0.4110   -17.077    46.527    45.420  
 
 Match found in 2r11_o03     CARBOXYLESTERASE NP                 
   Pattern 2r11_o03               Query structure     RMSD=  1.38 A  No. of residues =   3
   ------- -------                --------------- 
    D 130    SER       matches     A 221    SER  
    D 166    PHE       matches     A 214    PHE  
    D 182    PHE       matches     A 230    PHE  
  TRANSFORM   -0.4360  0.4819  0.7600  0.8804  0.0534  0.4712  0.1865  0.8746 -0.4475    38.911    35.540    84.496  
 
 Match found in 1m53_c05     ISOMALTULOSE SYNTHASE               
   Pattern 1m53_c05               Query structure     RMSD=  1.38 A  No. of residues =   3
   ------- -------                --------------- 
    A 241    ASP       matches     A 191    ASP  
    A 265    GLU       matches     A 255    GLU  
    A 369    ASP       matches     A 241    ASP  
  TRANSFORM   -0.1014 -0.9780  0.1822  0.6008  0.0858  0.7948 -0.7929  0.1900  0.5789     0.619   -17.422   -35.168  
 
 Match found in 1tz3_c03     PUTATIVE SUGAR KINASE               
   Pattern 1tz3_c03               Query structure     RMSD=  1.38 A  No. of residues =   3
   ------- -------                --------------- 
    B 250    ALA       matches     A 269    ALA  
    B 251    GLY       matches     A 197    GLY  
    B 252    ASP       matches     A 270    ASP  
  TRANSFORM   -0.3103 -0.3510 -0.8834  0.0027  0.9290 -0.3701  0.9506 -0.1173 -0.2873    14.291    -2.560   -14.077  
 
 Match found in 1tz3_c02     PUTATIVE SUGAR KINASE               
   Pattern 1tz3_c02               Query structure     RMSD=  1.38 A  No. of residues =   3
   ------- -------                --------------- 
    A 250    ALA       matches     A 269    ALA  
    A 251    GLY       matches     A 197    GLY  
    A 252    ASP       matches     A 270    ASP  
  TRANSFORM    0.8285  0.5529 -0.0891  0.5588 -0.8057  0.1965  0.0369 -0.2126 -0.9764   -19.596    51.802    30.769  
 
 Match found in 1bd3_c02     URACIL PHOSPHORIBOSYLTRANSFERASE    
   Pattern 1bd3_c02               Query structure     RMSD=  1.38 A  No. of residues =   3
   ------- -------                --------------- 
    C 137    ARG       matches     A 213    ARG  
    C 141    THR       matches     A 216    THR  
    C 235    ASP       matches     A 192    ASP  
  TRANSFORM   -0.2340 -0.8697 -0.4346 -0.8676  0.3885 -0.3103  0.4387  0.3044 -0.8455   -29.203    38.258   -21.452  
 
 Match found in 1ddj_c13     PLASMINOGEN                         
   Pattern 1ddj_c13               Query structure     RMSD=  1.39 A  No. of residues =   3
   ------- -------                --------------- 
    B 603    HIS       matches     A 148    HIS  
    B 646    ASP       matches     A 231    ASP  
    B 739    GLY       matches     A  34    GLY  
  TRANSFORM   -0.2400 -0.9555  0.1714 -0.7560  0.0732 -0.6505  0.6090 -0.2857 -0.7399    55.838    25.983    21.548  
 
 Match found in 1eo7_c00     CYCLODEXTRIN GLYCOSYLTRANSFERASE    
   Pattern 1eo7_c00               Query structure     RMSD=  1.40 A  No. of residues =   3
   ------- -------                --------------- 
    A 229    ALA       matches     A 131    ALA  
    A 257    ALA       matches     A 135    ALA  
    A 328    ASP       matches     A  88    ASP  
  TRANSFORM    0.5655 -0.3257 -0.7577  0.3250  0.9324 -0.1582  0.7580 -0.1568  0.6332    10.607    10.298    16.546  
 
 Match found in 3s57_d00     OXIDOREDUCTASE/DNA                  
   Pattern 3s57_d00               Query structure     RMSD=  1.40 A  No. of residues =   3
   ------- -------                --------------- 
    A 101    VAL       matches     A  68    VAL  
    A 102    PHE       matches     A  69    PHE  
    A 169    CYH       matches     A  27    CYH  
  TRANSFORM    0.1220 -0.9631  0.2400 -0.9706 -0.1664 -0.1742  0.2077 -0.2117 -0.9550     6.309    -0.312    12.698  
 
 Match found in 1nww_c03     LIMONENE-1,2-EPOXIDE HYDROLASE      
   Pattern 1nww_c03               Query structure     RMSD=  1.40 A  No. of residues =   3
   ------- -------                --------------- 
    B  99    ARG       matches     A 292    ARG  
    B 101    ASP       matches     A 231    ASP  
    B 132    ASP       matches     A  33    ASP  
  TRANSFORM    0.2178 -0.0388  0.9752  0.8587  0.4825 -0.1726 -0.4638  0.8750  0.1384    15.364    58.913    60.861  
 
 Match found in 1ddj_c14     PLASMINOGEN                         
   Pattern 1ddj_c14               Query structure     RMSD=  1.40 A  No. of residues =   3
   ------- -------                --------------- 
    C 603    HIS       matches     A 148    HIS  
    C 646    ASP       matches     A 231    ASP  
    C 739    GLY       matches     A  34    GLY  
  TRANSFORM    0.2811 -0.0261  0.9593  0.8225  0.5216 -0.2268 -0.4945  0.8528  0.1681    17.967    59.801    -2.364  
 
 Match found in 1ddj_c12     PLASMINOGEN                         
   Pattern 1ddj_c12               Query structure     RMSD=  1.40 A  No. of residues =   3
   ------- -------                --------------- 
    A 603    HIS       matches     A 148    HIS  
    A 646    ASP       matches     A 231    ASP  
    A 739    GLY       matches     A  34    GLY  
  TRANSFORM   -0.4516 -0.7011  0.5518 -0.6176 -0.2008 -0.7605  0.6439 -0.6842 -0.3423     8.289    30.305    82.111  
 
 Match found in 1m53_c05     ISOMALTULOSE SYNTHASE               
   Pattern 1m53_c05               Query structure     RMSD=  1.41 A  No. of residues =   3
   ------- -------                --------------- 
    A 241    ASP       matches     A  33    ASP  
    A 265    GLU       matches     A 144    GLU  
    A 369    ASP       matches     A 231    ASP  
  TRANSFORM    0.5457  0.3998  0.7364  0.7574  0.1408 -0.6376 -0.3586  0.9057 -0.2260    32.791    26.926    22.019  
 
 Match found in 12as_c01     ASPARAGINE SYNTHETASE               
   Pattern 12as_c01               Query structure     RMSD=  1.42 A  No. of residues =   3
   ------- -------                --------------- 
    B  46    ASP       matches     A 207    ASP  
    B 100    ARG       matches     A 213    ARG  
    B 116    GLN       matches     A 156    GLN  
  TRANSFORM    0.5975 -0.7998 -0.0575  0.7988  0.6000 -0.0448  0.0703 -0.0192  0.9973    13.843    68.595    48.191  
 
 Match found in 1qho_c07     ALPHA-AMYLASE                       
   Pattern 1qho_c07               Query structure     RMSD=  1.42 A  No. of residues =   3
   ------- -------                --------------- 
    A 228    ASP       matches     A 241    ASP  
    A 260    ASP       matches     A 207    ASP  
    A 329    ASP       matches     A 191    ASP  
  TRANSFORM   -0.0488 -0.8713  0.4883 -0.1744  0.4888  0.8548 -0.9835 -0.0435 -0.1758    -5.690    48.112    16.142  
 
 Match found in 1stc_c03     CAMP-DEPENDENT PROTEIN KINASE       
   Pattern 1stc_c03               Query structure     RMSD=  1.42 A  No. of residues =   3
   ------- -------                --------------- 
    E 166    ASP       matches     A 261    ASP  
    E 168    LYS       matches     A 263    LYS  
    E 171    ASN       matches     A 259    ASN  
  TRANSFORM   -0.4714 -0.2648  0.8412 -0.6492 -0.5415 -0.5342  0.5969 -0.7979  0.0833    29.694    14.396    -8.765  
 
 Match found in 1j7g_c00     D-TYROSYL-TRNA(TYR) DEACYLASE       
   Pattern 1j7g_c00               Query structure     RMSD=  1.43 A  No. of residues =   3
   ------- -------                --------------- 
    A  78    GLN       matches     A 156    GLN  
    A  79    PHE       matches     A 154    PHE  
    A  80    THR       matches     A 153    THR  
  TRANSFORM   -0.1714  0.8881  0.4264  0.7568  0.3958 -0.5201 -0.6307  0.2336 -0.7400    60.552    17.554    50.677  
 
 Match found in 2phk_c02     MC-PEPTIDE                          
   Pattern 2phk_c02               Query structure     RMSD=  1.43 A  No. of residues =   3
   ------- -------                --------------- 
    A 149    ASP       matches     A 270    ASP  
    A 151    LYS       matches     A 278    LYS  
    A 186    THR       matches     A 199    THR  
  TRANSFORM   -0.1693  0.5833 -0.7944 -0.3577 -0.7875 -0.5020 -0.9184  0.1992  0.3420    26.918    51.954    48.618  
 
 Match found in 1qho_c07     ALPHA-AMYLASE                       
   Pattern 1qho_c07               Query structure     RMSD=  1.44 A  No. of residues =   3
   ------- -------                --------------- 
    A 228    ASP       matches     A 191    ASP  
    A 260    ASP       matches     A 261    ASP  
    A 329    ASP       matches     A 241    ASP  
  TRANSFORM    0.1774  0.9441 -0.2780  0.9768 -0.1345  0.1666  0.1198 -0.3011 -0.9460    49.542    43.715    63.112  
 
 Match found in 1cbg_c00     CYANOGENIC BETA-GLUCOSIDASE         
   Pattern 1cbg_c00               Query structure     RMSD=  1.46 A  No. of residues =   3
   ------- -------                --------------- 
      183    GLU       matches     A 250    GLU  
      324    ASN       matches     A 247    ASN  
      397    GLU       matches     A   7    GLU  
  TRANSFORM   -0.5399 -0.5057 -0.6729 -0.4138 -0.5367  0.7353 -0.7330  0.6754  0.0805    31.824    33.494    24.422  
 
 Match found in 12as_c00     ASPARAGINE SYNTHETASE               
   Pattern 12as_c00               Query structure     RMSD=  1.46 A  No. of residues =   3
   ------- -------                --------------- 
    A  46    ASP       matches     A 207    ASP  
    A 100    ARG       matches     A 213    ARG  
    A 116    GLN       matches     A 156    GLN  
  TRANSFORM   -0.2444 -0.0397 -0.9689  0.8231 -0.5366 -0.1856 -0.5126 -0.8429  0.1638    23.824    45.648    -5.413  
 
 Match found in 1rbn_c01     RIBONUCLEASE A (E.C.3.1.27.5) DERIVA
   Pattern 1rbn_c01               Query structure     RMSD=  1.46 A  No. of residues =   3
   ------- -------                --------------- 
    A  12    HIS       matches     A 111    HIS  
    A  41    LYS       matches     A  46    LYS  
    A 119    HIS       matches     A  74    HIS  
  TRANSFORM    0.1582 -0.9425 -0.2943  0.4744  0.3339 -0.8145  0.8660 -0.0107  0.4999   -17.943    70.483    26.704  
 
 Match found in 1bmt_c05     METHIONINE SYNTHASE (B12-BINDING DOM
   Pattern 1bmt_c05               Query structure     RMSD=  1.46 A  No. of residues =   3
   ------- -------                --------------- 
    B 757    ASP       matches     A  16    ASP  
    B 759    HIS       matches     A  14    HIS  
    B 810    SER       matches     A 297    SER  
  TRANSFORM   -0.7812  0.5315  0.3274 -0.5364 -0.8398  0.0834  0.3193 -0.1104  0.9412    44.887     7.853     2.301  
 
 Match found in 1mpy_c03     CATECHOL 2,3-DIOXYGENASE            
   Pattern 1mpy_c03               Query structure     RMSD=  1.46 A  No. of residues =   3
   ------- -------                --------------- 
    D 199    HIS       matches     A 111    HIS  
    D 246    HIS       matches     A  74    HIS  
    D 255    TYR       matches     A 132    TYR  
  TRANSFORM   -0.0948  0.9519  0.2914 -0.8933  0.0479 -0.4469 -0.4393 -0.3027  0.8458    11.878    -1.951     0.867  
 
 Match found in 2tdt_c00     TETRAHYDRODIPICOLINATE N-SUCCINYLTRA
   Pattern 2tdt_c00               Query structure     RMSD=  1.47 A  No. of residues =   3
   ------- -------                --------------- 
      141    ASP       matches     A  33    ASP  
      166    GLY       matches     A 298    GLY  
      169    GLU       matches     A 258    GLU  
  TRANSFORM    0.5404 -0.3634  0.7589 -0.4373 -0.8918 -0.1157  0.7188 -0.2694 -0.6409    -4.925   -14.001    14.777  
 
 Match found in 4hp3_d00     DNA BINDING PROTEIN/DNA             
