******************************************************* user.XUMS **************************************************************
  TRANSFORM    0.2550 -0.0420 -0.9660 -0.6469  0.7351 -0.2027  0.7187  0.6766  0.1603   -52.368   -12.493    29.652  
 
 Match found in 1qrz_c07     PLASMINOGEN                         
   Pattern 1qrz_c07               Query structure     RMSD=  1.37 A  No. of residues =   4
   ------- -------                --------------- 
    D 603    HIS       matches     A 519    HIS  
    D 646    ASP       matches     A 388    ASP  
    D 741    SER       matches     A 396    SER  
    D 742    GLY       matches     A 394    GLY  
  TRANSFORM    0.2987 -0.0899 -0.9501 -0.6220  0.7368 -0.2652  0.7239  0.6701  0.1641     1.950   -12.925    -8.562  
 
 Match found in 1qrz_c06     PLASMINOGEN                         
   Pattern 1qrz_c06               Query structure     RMSD=  1.40 A  No. of residues =   4
   ------- -------                --------------- 
    C 603    HIS       matches     A 519    HIS  
    C 646    ASP       matches     A 388    ASP  
    C 741    SER       matches     A 396    SER  
    C 742    GLY       matches     A 394    GLY  
  TRANSFORM   -0.1362  0.8783 -0.4582 -0.6604 -0.4253 -0.6189 -0.7385  0.2183  0.6380     6.755    21.809    13.259  
 
 Match found in 1fy2_c00     ASPARTYL DIPEPTIDASE                
   Pattern 1fy2_c00               Query structure     RMSD=  1.40 A  No. of residues =   4
   ------- -------                --------------- 
    A 120    SER       matches     A 191    SER  
    A 121    ALA       matches     A 192    ALA  
    A 157    HIS       matches     A 440    HIS  
    A 192    GLU       matches     A 316    GLU  
  TRANSFORM   -0.6164 -0.6395 -0.4594  0.5964 -0.7601  0.2580 -0.5142 -0.1149  0.8499    -4.529     7.275    39.141  
 
 Match found in 1qrz_c04     PLASMINOGEN                         
   Pattern 1qrz_c04               Query structure     RMSD=  1.41 A  No. of residues =   4
   ------- -------                --------------- 
    A 603    HIS       matches     A 519    HIS  
    A 646    ASP       matches     A 388    ASP  
    A 741    SER       matches     A 396    SER  
    A 742    GLY       matches     A 394    GLY  
  TRANSFORM   -0.5904 -0.6673 -0.4540  0.6452 -0.7282  0.2313 -0.4849 -0.1564  0.8605   -31.950     6.401     1.116  
 
 Match found in 1qrz_c05     PLASMINOGEN                         
   Pattern 1qrz_c05               Query structure     RMSD=  1.42 A  No. of residues =   4
   ------- -------                --------------- 
    B 603    HIS       matches     A 519    HIS  
    B 646    ASP       matches     A 388    ASP  
    B 741    SER       matches     A 396    SER  
    B 742    GLY       matches     A 394    GLY  
  TRANSFORM   -0.8505 -0.4435 -0.2827 -0.4306  0.8958 -0.1100  0.3021  0.0282 -0.9529    51.610    13.907     1.544  
 
 Match found in 1thg_c00     LIPASE (E.C.3.1.1.3) TRIACYLGLYCEROL
   Pattern 1thg_c00               Query structure     RMSD=  0.21 A  No. of residues =   3
   ------- -------                --------------- 
      217    SER       matches     A 191    SER  
      354    GLU       matches     A 316    GLU  
      463    HIS       matches     A 440    HIS  
  TRANSFORM    0.1045  0.1739  0.9792  0.5504 -0.8302  0.0887  0.8283  0.5297 -0.1825     2.608    37.337    52.498  
 
 Match found in 1qe3_c00     PARA-NITROBENZYL ESTERASE           
   Pattern 1qe3_c00               Query structure     RMSD=  0.23 A  No. of residues =   3
   ------- -------                --------------- 
    A 189    SER       matches     A 191    SER  
    A 310    GLU       matches     A 316    GLU  
    A 399    HIS       matches     A 440    HIS  
  TRANSFORM    0.4295  0.8498  0.3056  0.0576 -0.3634  0.9298  0.9012 -0.3818 -0.2050     5.224    64.522    55.852  
 
 Match found in 2ace_c00     ACETYLCHOLINESTERASE                
   Pattern 2ace_c00               Query structure     RMSD=  0.39 A  No. of residues =   3
   ------- -------                --------------- 
      200    SER       matches     A 191    SER  
      327    GLU       matches     A 316    GLU  
      440    HIS       matches     A 440    HIS  
  TRANSFORM    0.9759  0.2128  0.0476  0.0430  0.0261 -0.9987 -0.2138  0.9767  0.0163    27.062   -67.363  -127.126  
 
 Match found in 1xny_c00     PROPIONYL-COA CARBOXYLASE COMPLEX B 
   Pattern 1xny_c00               Query structure     RMSD=  0.49 A  No. of residues =   3
   ------- -------                --------------- 
    A 183    GLY       matches     A 111    GLY  
    B 419    GLY       matches     A 193    GLY  
    B 420    ALA       matches     A 194    ALA  
  TRANSFORM    0.7578 -0.4951  0.4250 -0.5739 -0.8156  0.0733  0.3103 -0.2994 -0.9022    27.487   -67.897  -126.594  
 
 Match found in 1xny_c00     PROPIONYL-COA CARBOXYLASE COMPLEX B 
   Pattern 1xny_c00               Query structure     RMSD=  0.60 A  No. of residues =   3
   ------- -------                --------------- 
    A 183    GLY       matches     A 189    GLY  
    B 419    GLY       matches     A 193    GLY  
    B 420    ALA       matches     A 192    ALA  
  TRANSFORM   -0.0248 -0.0972 -0.9950 -0.6591 -0.7467  0.0894 -0.7516  0.6580 -0.0455   -33.019   -35.323    31.996  
 
 Match found in 2bsq_d00     TRANSCRIPTION                       
   Pattern 2bsq_d00               Query structure     RMSD=  0.76 A  No. of residues =   3
   ------- -------                --------------- 
    E   3    SER       matches     A 248    SER  
    E   5    VAL       matches     A 252    VAL  
    E   7    ARG       matches     A 256    ARG  
  TRANSFORM   -0.3817 -0.6600  0.6471 -0.5075  0.7348  0.4500 -0.7725 -0.1566 -0.6154    -1.115   -70.907  -134.579  
 
 Match found in 1xny_c00     PROPIONYL-COA CARBOXYLASE COMPLEX B 
   Pattern 1xny_c00               Query structure     RMSD=  0.77 A  No. of residues =   3
   ------- -------                --------------- 
    A 183    GLY       matches     A  16    GLY  
    B 419    GLY       matches     A  15    GLY  
    B 420    ALA       matches     A  14    ALA  
  TRANSFORM    0.7052  0.1372 -0.6956  0.6871  0.1100  0.7182  0.1751 -0.9844 -0.0167    39.178  -101.511  -131.961  
 
 Match found in 1xny_c01     PROPIONYL-COA CARBOXYLASE COMPLEX B 
   Pattern 1xny_c01               Query structure     RMSD=  0.78 A  No. of residues =   3
   ------- -------                --------------- 
    A 420    ALA       matches     A 194    ALA  
    B 182    GLY       matches     A 112    GLY  
    B 183    GLY       matches     A 111    GLY  
  TRANSFORM    0.8328 -0.5351  0.1415  0.0684  0.3532  0.9330 -0.5493 -0.7674  0.3308     4.501     2.391    50.265  
 
 Match found in 1qfl_c03     ACETOACETYL-COA THIOLASE            
   Pattern 1qfl_c03               Query structure     RMSD=  0.78 A  No. of residues =   3
   ------- -------                --------------- 
    D 348    HIS       matches     A 110    HIS  
    D 378    CYH       matches     A  66    CYH  
    D 380    GLY       matches     A  68    GLY  
  TRANSFORM    0.6912  0.7149  0.1062 -0.5225  0.5958 -0.6099 -0.4993  0.3661  0.7853    -5.918    15.195     4.941  
 
 Match found in 2tdt_c00     TETRAHYDRODIPICOLINATE N-SUCCINYLTRA
   Pattern 2tdt_c00               Query structure     RMSD=  0.83 A  No. of residues =   3
   ------- -------                --------------- 
      141    ASP       matches     A 315    ASP  
      166    GLY       matches     A 111    GLY  
      169    GLU       matches     A 118    GLU  
  TRANSFORM    0.3144 -0.5460 -0.7766 -0.8007  0.2869 -0.5259  0.5099  0.7872 -0.3469    11.554    14.720    19.023  
 
 Match found in 1qfl_c01     ACETOACETYL-COA THIOLASE            
   Pattern 1qfl_c01               Query structure     RMSD=  0.84 A  No. of residues =   3
   ------- -------                --------------- 
    B 348    HIS       matches     A 110    HIS  
    B 378    CYH       matches     A  66    CYH  
    B 380    GLY       matches     A  68    GLY  
  TRANSFORM    0.4777 -0.4355  0.7630  0.3844  0.8846  0.2642 -0.7900  0.1671  0.5900    21.083   -49.600  -138.606  
 
 Match found in 1xny_c00     PROPIONYL-COA CARBOXYLASE COMPLEX B 
   Pattern 1xny_c00               Query structure     RMSD=  0.86 A  No. of residues =   3
   ------- -------                --------------- 
    A 183    GLY       matches     A  63    GLY  
    B 419    GLY       matches     A  31    GLY  
    B 420    ALA       matches     A  59    ALA  
  TRANSFORM   -0.3135  0.5398  0.7812  0.8000 -0.2930  0.5235  0.5115  0.7891 -0.3400    30.611   -14.868    19.053  
 
 Match found in 1qfl_c00     ACETOACETYL-COA THIOLASE            
   Pattern 1qfl_c00               Query structure     RMSD=  0.86 A  No. of residues =   3
   ------- -------                --------------- 
    A 348    HIS       matches     A 110    HIS  
    A 378    CYH       matches     A  66    CYH  
    A 380    GLY       matches     A  68    GLY  
  TRANSFORM   -0.8759  0.4703 -0.1078 -0.0818 -0.3649 -0.9274 -0.4756 -0.8035  0.3581    39.668    -1.604    48.931  
 
 Match found in 1qfl_c02     ACETOACETYL-COA THIOLASE            
   Pattern 1qfl_c02               Query structure     RMSD=  0.90 A  No. of residues =   3
   ------- -------                --------------- 
    C 348    HIS       matches     A 110    HIS  
    C 378    CYH       matches     A  66    CYH  
    C 380    GLY       matches     A  68    GLY  
  TRANSFORM    0.2743  0.1415  0.9512 -0.3989  0.9168 -0.0213 -0.8750 -0.3735  0.3078    72.960    37.993    23.886  
 
 Match found in 2dbt_c00     CHITINASE C                         
   Pattern 2dbt_c00               Query structure     RMSD=  0.91 A  No. of residues =   3
   ------- -------                --------------- 
    A 147    GLU       matches     A 327    GLU  
    A 156    GLU       matches     A 332    GLU  
    A 194    ASN       matches     A 275    ASN  
  TRANSFORM   -0.1778 -0.9323  0.3148 -0.9808  0.1420 -0.1334  0.0797 -0.3325 -0.9397    16.712    84.699    -3.975  
 
 Match found in 2qv4_p00     PANCREATIC ALPHA-AMYLASE            
   Pattern 2qv4_p00               Query structure     RMSD=  1.00 A  No. of residues =   3
   ------- -------                --------------- 
    A 459    ASN       matches     A 158    ASN  
    A 460    GLY       matches     A 160    GLY  
    A 461    ASN       matches     A 159    ASN  
  TRANSFORM   -0.2191 -0.6961 -0.6837  0.9518  0.0018 -0.3068  0.2148 -0.7179  0.6622   107.787    48.439    10.382  
 
 Match found in 1xva_c03     GLYCINE N-METHYLTRANSFERASE         
   Pattern 1xva_c03               Query structure     RMSD=  1.01 A  No. of residues =   3
   ------- -------                --------------- 
    B 137    GLY       matches     A 392    GLY  
    B 175    ARG       matches     A 389    ARG  
    B 242    TYR       matches     A 368    TYR  
  TRANSFORM    0.0387 -0.7361  0.6758 -0.3209 -0.6496 -0.6892  0.9463 -0.1902 -0.2613   -53.220    -5.082    40.309  
 
 Match found in 1qrz_c23     PLASMINOGEN                         
   Pattern 1qrz_c23               Query structure     RMSD=  1.01 A  No. of residues =   3
   ------- -------                --------------- 
    D 603    HIS       matches     A 440    HIS  
    D 646    ASP       matches     A 442    ASP  
    D 739    GLY       matches     A 117    GLY  
  TRANSFORM    0.6988  0.7108  0.0811 -0.1539  0.2600 -0.9533 -0.6986  0.6536  0.2910    -6.000    12.090     9.192  
 
 Match found in 2tdt_c00     TETRAHYDRODIPICOLINATE N-SUCCINYLTRA
   Pattern 2tdt_c00               Query structure     RMSD=  1.01 A  No. of residues =   3
   ------- -------                --------------- 
      141    ASP       matches     A 315    ASP  
      166    GLY       matches     A 112    GLY  
      169    GLU       matches     A 118    GLU  
  TRANSFORM   -0.6114 -0.2519 -0.7501  0.1818 -0.9673  0.1767 -0.7701 -0.0283  0.6373    49.141    11.863    32.180  
 
 Match found in 2dbt_c02     CHITINASE C                         
   Pattern 2dbt_c02               Query structure     RMSD=  1.04 A  No. of residues =   3
   ------- -------                --------------- 
    C 147    GLU       matches     A 327    GLU  
    C 156    GLU       matches     A 332    GLU  
    C 194    ASN       matches     A 275    ASN  
  TRANSFORM    0.7705 -0.5544 -0.3146  0.6346  0.6207  0.4605 -0.0601 -0.5544  0.8301     9.959    -8.722     1.500  
 
 Match found in 1be1_c02     GLUTAMATE MUTASE                    
   Pattern 1be1_c02               Query structure     RMSD=  1.04 A  No. of residues =   3
   ------- -------                --------------- 
       14    ASP       matches     A 305    ASP  
       16    HIS       matches     A 304    HIS  
       67    GLY       matches     A 394    GLY  
  TRANSFORM   -0.9663 -0.1918  0.1714 -0.0897  0.8758  0.4743 -0.2411  0.4430 -0.8635    33.796    63.926    89.778  
 
 Match found in 2v3r_p00     EXOGLUCANASE 1                      
   Pattern 2v3r_p00               Query structure     RMSD=  1.05 A  No. of residues =   3
   ------- -------                --------------- 
    A 270    ASN       matches     A 531    ASN  
    A 384    ASN       matches     A 336    ASN  
    A 385    GLU       matches     A 339    GLU  
  TRANSFORM    0.0984 -0.3439  0.9338 -0.1222  0.9271  0.3543 -0.9876 -0.1490  0.0491    -1.023     5.083    11.295  
 
 Match found in 2tdt_c00     TETRAHYDRODIPICOLINATE N-SUCCINYLTRA
   Pattern 2tdt_c00               Query structure     RMSD=  1.06 A  No. of residues =   3
   ------- -------                --------------- 
      141    ASP       matches     A 442    ASP  
      166    GLY       matches     A 394    GLY  
      169    GLU       matches     A 532    GLU  
  TRANSFORM    0.5357 -0.8410 -0.0760 -0.2597 -0.0784 -0.9625  0.8035  0.5353 -0.2604    19.832     0.574     8.600  
 
 Match found in 1ef8_c00     METHYLMALONYL COA DECARBOXYLASE     
   Pattern 1ef8_c00               Query structure     RMSD=  1.06 A  No. of residues =   3
   ------- -------                --------------- 
    A  66    HIS       matches     A 110    HIS  
    A 110    GLY       matches     A 111    GLY  
    A 140    TYR       matches     A 140    TYR  
  TRANSFORM   -0.9562 -0.2497 -0.1527 -0.1016 -0.2061  0.9732 -0.2745  0.9461  0.1717    32.429   -93.198  -118.919  
 
 Match found in 1xny_c01     PROPIONYL-COA CARBOXYLASE COMPLEX B 
   Pattern 1xny_c01               Query structure     RMSD=  1.06 A  No. of residues =   3
   ------- -------                --------------- 
    A 420    ALA       matches     A 264    ALA  
    B 182    GLY       matches     A 146    GLY  
    B 183    GLY       matches     A 143    GLY  
  TRANSFORM    0.4140  0.7338  0.5387  0.7633  0.0426 -0.6446 -0.4959  0.6781 -0.5425    30.694    94.745    -1.208  
 
 Match found in 2qv4_p00     PANCREATIC ALPHA-AMYLASE            
   Pattern 2qv4_p00               Query structure     RMSD=  1.07 A  No. of residues =   3
   ------- -------                --------------- 
    A 459    ASN       matches     A 159    ASN  
    A 460    GLY       matches     A 160    GLY  
    A 461    ASN       matches     A 158    ASN  
  TRANSFORM   -0.8967 -0.0723  0.4366  0.2681  0.6961  0.6660 -0.3521  0.7143 -0.6048   -14.736    -0.468    37.099  
 
 Match found in 1qrz_c20     PLASMINOGEN                         
   Pattern 1qrz_c20               Query structure     RMSD=  1.08 A  No. of residues =   3
   ------- -------                --------------- 
    A 603    HIS       matches     A 440    HIS  
    A 646    ASP       matches     A 442    ASP  
    A 739    GLY       matches     A 117    GLY  
  TRANSFORM    0.3563  0.0846 -0.9305 -0.7719 -0.5346 -0.3441 -0.5266  0.8409 -0.1252   -14.948    25.087    -0.465  
 
 Match found in 2tdt_c00     TETRAHYDRODIPICOLINATE N-SUCCINYLTRA
   Pattern 2tdt_c00               Query structure     RMSD=  1.08 A  No. of residues =   3
   ------- -------                --------------- 
      141    ASP       matches     A 363    ASP  
      166    GLY       matches     A 392    GLY  
      169    GLU       matches     A 414    GLU  
  TRANSFORM   -0.8757 -0.0498  0.4803  0.3319  0.6603  0.6737 -0.3507  0.7493 -0.5617   -42.606    -0.971    -1.258  
 
 Match found in 1qrz_c21     PLASMINOGEN                         
   Pattern 1qrz_c21               Query structure     RMSD=  1.08 A  No. of residues =   3
   ------- -------                --------------- 
    B 603    HIS       matches     A 440    HIS  
    B 646    ASP       matches     A 442    ASP  
    B 739    GLY       matches     A 117    GLY  
  TRANSFORM    0.7366  0.6231 -0.2631 -0.5334  0.7743  0.3405  0.4159 -0.1104  0.9027    51.417    -0.372    31.299  
 
 Match found in 1lio_c01     ADENOSINE KINASE                    
   Pattern 1lio_c01               Query structure     RMSD=  1.08 A  No. of residues =   3
   ------- -------                --------------- 
    A 316    ALA       matches     A  99    ALA  
    A 317    GLY       matches     A 100    GLY  
    A 318    ASP       matches     A 101    ASP  
  TRANSFORM    0.1372  0.9692 -0.2046  0.9686 -0.0881  0.2324  0.2072 -0.2301 -0.9509    23.140     2.865    29.527  
 
 Match found in 2ag0_c11     BENZALDEHYDE LYASE                  
   Pattern 2ag0_c11               Query structure     RMSD=  1.09 A  No. of residues =   3
   ------- -------                --------------- 
    D  29    HIS       matches     A 519    HIS  
    D  50    GLU       matches     A 523    GLU  
    D 113    GLN       matches     A 516    GLN  
  TRANSFORM   -0.0689 -0.9825  0.1728  0.4467 -0.1853 -0.8753  0.8920  0.0169  0.4517    89.988     7.809    18.947  
 
 Match found in 2ag0_c10     BENZALDEHYDE LYASE                  
   Pattern 2ag0_c10               Query structure     RMSD=  1.09 A  No. of residues =   3
   ------- -------                --------------- 
    C  29    HIS       matches     A 519    HIS  
    C  50    GLU       matches     A 523    GLU  
    C 113    GLN       matches     A 516    GLN  
  TRANSFORM    0.4165 -0.2731 -0.8672  0.7175 -0.4871  0.4980 -0.5584 -0.8295 -0.0070    -8.097   -17.705    -2.195  
 
 Match found in 1be1_c02     GLUTAMATE MUTASE                    
   Pattern 1be1_c02               Query structure     RMSD=  1.09 A  No. of residues =   3
   ------- -------                --------------- 
       14    ASP       matches     A 442    ASP  
       16    HIS       matches     A 440    HIS  
       67    GLY       matches     A 329    GLY  
  TRANSFORM   -0.1906 -0.9784  0.0796 -0.4532  0.1596  0.8770 -0.8708  0.1311 -0.4738    89.665   -12.264    11.744  
 
 Match found in 2ag0_c09     BENZALDEHYDE LYASE                  
   Pattern 2ag0_c09               Query structure     RMSD=  1.09 A  No. of residues =   3
   ------- -------                --------------- 
    A  29    HIS       matches     A 519    HIS  
    A  50    GLU       matches     A 523    GLU  
    A 113    GLN       matches     A 516    GLN  
  TRANSFORM    0.1166  0.9919 -0.0497 -0.9659  0.1017 -0.2380 -0.2310  0.0758  0.9700    21.918    -8.766    11.730  
 
 Match found in 2ag0_c04     BENZALDEHYDE LYASE                  
   Pattern 2ag0_c04               Query structure     RMSD=  1.10 A  No. of residues =   3
   ------- -------                --------------- 
    B  29    HIS       matches     A 519    HIS  
    B  50    GLU       matches     A 523    GLU  
    B 113    GLN       matches     A 516    GLN  
  TRANSFORM    0.1166  0.9919 -0.0497 -0.9659  0.1017 -0.2380 -0.2310  0.0758  0.9700    21.918    -8.766    11.730  
 
 Match found in 2ag0_c08     BENZALDEHYDE LYASE                  
   Pattern 2ag0_c08               Query structure     RMSD=  1.10 A  No. of residues =   3
   ------- -------                --------------- 
    B  29    HIS       matches     A 519    HIS  
    B  50    GLU       matches     A 523    GLU  
    B 113    GLN       matches     A 516    GLN  
  TRANSFORM    0.0649  0.0192 -0.9977 -0.1926  0.9812  0.0063  0.9791  0.1918  0.0673    41.434    81.671    -2.157  
 
 Match found in 2dbt_c01     CHITINASE C                         
   Pattern 2dbt_c01               Query structure     RMSD=  1.10 A  No. of residues =   3
   ------- -------                --------------- 
    B 147    GLU       matches     A 327    GLU  
    B 156    GLU       matches     A 332    GLU  
    B 194    ASN       matches     A 275    ASN  
  TRANSFORM    0.0694 -0.7062  0.7046 -0.2889 -0.6902 -0.6634  0.9548 -0.1575 -0.2520     0.611    -5.632     2.034  
 
 Match found in 1qrz_c22     PLASMINOGEN                         
   Pattern 1qrz_c22               Query structure     RMSD=  1.10 A  No. of residues =   3
   ------- -------                --------------- 
    C 603    HIS       matches     A 440    HIS  
    C 646    ASP       matches     A 442    ASP  
    C 739    GLY       matches     A 117    GLY  
  TRANSFORM   -0.5802 -0.2783  0.7655  0.4094 -0.9121 -0.0213  0.7041  0.3011  0.6431     9.366    29.069   -26.619  
 
 Match found in 1mro_c00     METHYL-COENZYME M REDUCTASE         
   Pattern 1mro_c00               Query structure     RMSD=  1.12 A  No. of residues =   3
   ------- -------                --------------- 
    A 465    GLY       matches     A 218    GLY  
    A 501    ASP       matches     A 305    ASP  
    B 367    TYR       matches     A 456    TYR  
  TRANSFORM    0.6430  0.6796 -0.3532 -0.6358  0.7307  0.2486  0.4270  0.0647  0.9019    21.162    94.444    24.020  
 
 Match found in 2qv4_p00     PANCREATIC ALPHA-AMYLASE            
   Pattern 2qv4_p00               Query structure     RMSD=  1.13 A  No. of residues =   3
   ------- -------                --------------- 
    A 459    ASN       matches     A 159    ASN  
    A 460    GLY       matches     A 157    GLY  
    A 461    ASN       matches     A 158    ASN  
  TRANSFORM   -0.6508  0.5491  0.5244  0.1764  0.7811 -0.5989 -0.7384 -0.2973 -0.6052    21.768    54.386   -39.312  
 
 Match found in 1mro_c01     METHYL-COENZYME M REDUCTASE         
   Pattern 1mro_c01               Query structure     RMSD=  1.14 A  No. of residues =   3
   ------- -------                --------------- 
    D 465    GLY       matches     A 218    GLY  
    D 501    ASP       matches     A 305    ASP  
    E 367    TYR       matches     A 456    TYR  
  TRANSFORM   -0.5856  0.2401 -0.7742 -0.0565 -0.9649 -0.2565 -0.8086 -0.1064  0.5786    16.309    19.477    15.904  
 
 Match found in 5fit_c00     FRAGILE HISTIDINE TRIAD PROTEIN     
   Pattern 5fit_c00               Query structure     RMSD=  1.14 A  No. of residues =   3
   ------- -------                --------------- 
       83    GLN       matches     A 216    GLN  
       94    HIS       matches     A 110    HIS  
       96    HIS       matches     A 108    HIS  
  TRANSFORM   -0.2573  0.1197  0.9589 -0.9238  0.2607 -0.2804 -0.2835 -0.9580  0.0435   -51.908    -1.208    49.651  
 
 Match found in 1qrz_c15     PLASMINOGEN                         
   Pattern 1qrz_c15               Query structure     RMSD=  1.15 A  No. of residues =   3
   ------- -------                --------------- 
    D 603    HIS       matches     A 440    HIS  
    D 646    ASP       matches     A 442    ASP  
    D 741    SER       matches     A 217    SER  
  TRANSFORM    0.6913 -0.6760 -0.2552 -0.6377 -0.7369  0.2244 -0.3397  0.0076 -0.9405    30.239   -92.798  -119.857  
 
 Match found in 1xny_c00     PROPIONYL-COA CARBOXYLASE COMPLEX B 
   Pattern 1xny_c00               Query structure     RMSD=  1.15 A  No. of residues =   3
   ------- -------                --------------- 
    A 183    GLY       matches     A  16    GLY  
    B 419    GLY       matches     A  15    GLY  
    B 420    ALA       matches     A  59    ALA  
  TRANSFORM   -0.1007  0.9648  0.2428 -0.4777  0.1672 -0.8625 -0.8727 -0.2028  0.4441    53.124  -101.403  -142.928  
 
 Match found in 1xny_c01     PROPIONYL-COA CARBOXYLASE COMPLEX B 
   Pattern 1xny_c01               Query structure     RMSD=  1.15 A  No. of residues =   3
   ------- -------                --------------- 
    A 420    ALA       matches     A  65    ALA  
    B 182    GLY       matches     A  31    GLY  
    B 183    GLY       matches     A  63    GLY  
  TRANSFORM    0.5010  0.8018 -0.3258  0.2378 -0.4895 -0.8389 -0.8321  0.3429 -0.4359    -1.942    77.418   101.423  
 
 Match found in 2v3r_p00     EXOGLUCANASE 1                      
   Pattern 2v3r_p00               Query structure     RMSD=  1.16 A  No. of residues =   3
   ------- -------                --------------- 
    A 270    ASN       matches     A 495    ASN  
    A 384    ASN       matches     A 485    ASN  
    A 385    GLU       matches     A 487    GLU  
  TRANSFORM    0.3764 -0.7334  0.5661  0.0700  0.6318  0.7720 -0.9238 -0.2509  0.2891     1.061     5.588    52.026  
 
 Match found in 1qfl_c03     ACETOACETYL-COA THIOLASE            
   Pattern 1qfl_c03               Query structure     RMSD=  1.16 A  No. of residues =   3
   ------- -------                --------------- 
    D 348    HIS       matches     A 110    HIS  
    D 378    CYH       matches     A  83    CYH  
    D 380    GLY       matches     A  79    GLY  
  TRANSFORM   -0.2862  0.6579 -0.6966  0.9022  0.4298  0.0352  0.3226 -0.6184 -0.7166    44.135   -24.827   -15.070  
 
 Match found in 1d6o_c00     FK506-BINDING PROTEIN               
   Pattern 1d6o_c00               Query structure     RMSD=  1.16 A  No. of residues =   3
   ------- -------                --------------- 
    A  37    ASP       matches     A 363    ASP  
    A  56    ILE       matches     A 351    ILE  
    A  82    TYR       matches     A 347    TYR  
  TRANSFORM    0.1150 -0.8890 -0.4433 -0.4089  0.3643 -0.8367  0.9053  0.2775 -0.3216     7.149    16.465    17.394  
 
 Match found in 1qfl_c01     ACETOACETYL-COA THIOLASE            
   Pattern 1qfl_c01               Query structure     RMSD=  1.16 A  No. of residues =   3
   ------- -------                --------------- 
    B 348    HIS       matches     A 110    HIS  
    B 378    CYH       matches     A  83    CYH  
    B 380    GLY       matches     A  79    GLY  
  TRANSFORM    0.8538  0.4175  0.3109  0.4705 -0.8745 -0.1178  0.2227  0.2468 -0.9431    34.179   -17.619   -67.682  
 
 Match found in 1tz3_c03     PUTATIVE SUGAR KINASE               
   Pattern 1tz3_c03               Query structure     RMSD=  1.17 A  No. of residues =   3
   ------- -------                --------------- 
    B 250    ALA       matches     A 288    ALA  
    B 251    GLY       matches     A 153    GLY  
    B 252    ASP       matches     A 152    ASP  
  TRANSFORM   -0.4524  0.7127 -0.5360 -0.0868 -0.6334 -0.7689 -0.8876 -0.3013  0.3485    43.257    -4.749    50.440  
 
 Match found in 1qfl_c02     ACETOACETYL-COA THIOLASE            
   Pattern 1qfl_c02               Query structure     RMSD=  1.17 A  No. of residues =   3
   ------- -------                --------------- 
    C 348    HIS       matches     A 110    HIS  
    C 378    CYH       matches     A  83    CYH  
    C 380    GLY       matches     A  79    GLY  
  TRANSFORM    0.6187 -0.5005 -0.6056 -0.5506  0.2735 -0.7887  0.5603  0.8214 -0.1064    22.260    -2.681    45.108  
 
 Match found in 1lio_c01     ADENOSINE KINASE                    
   Pattern 1lio_c01               Query structure     RMSD=  1.17 A  No. of residues =   3
   ------- -------                --------------- 
    A 316    ALA       matches     A 288    ALA  
    A 317    GLY       matches     A 153    GLY  
    A 318    ASP       matches     A 152    ASP  
  TRANSFORM   -0.6352 -0.5720 -0.5190  0.1898  0.5358 -0.8227  0.7487 -0.6211 -0.2318   141.134    41.429    22.381  
 
 Match found in 1lij_c01     ADENOSINE KINASE                    
   Pattern 1lij_c01               Query structure     RMSD=  1.18 A  No. of residues =   3
   ------- -------                --------------- 
    A 316    ALA       matches     A  99    ALA  
    A 317    GLY       matches     A 100    GLY  
    A 318    ASP       matches     A 101    ASP  
  TRANSFORM   -0.3240  0.8095  0.4896 -0.9430 -0.2348 -0.2358 -0.0760 -0.5381  0.8394    32.482   -33.871    15.450  
 
 Match found in 1tz3_c02     PUTATIVE SUGAR KINASE               
   Pattern 1tz3_c02               Query structure     RMSD=  1.18 A  No. of residues =   3
   ------- -------                --------------- 
    A 250    ALA       matches     A 288    ALA  
    A 251    GLY       matches     A 153    GLY  
    A 252    ASP       matches     A 152    ASP  
  TRANSFORM   -0.9927  0.0169  0.1192 -0.1200 -0.2240 -0.9672  0.0104 -0.9744  0.2244   -12.801    16.736     4.385  
 
 Match found in 2tdt_c00     TETRAHYDRODIPICOLINATE N-SUCCINYLTRA
   Pattern 2tdt_c00               Query structure     RMSD=  1.18 A  No. of residues =   3
   ------- -------                --------------- 
      141    ASP       matches     A 181    ASP  
      166    GLY       matches     A 189    GLY  
      169    GLU       matches     A 443    GLU  
  TRANSFORM   -0.3702 -0.7555 -0.5405 -0.1294  0.6181 -0.7754  0.9199 -0.2171 -0.3266    16.045    19.087    17.768  
 
 Match found in 2odj_o00     PORIN D                             
   Pattern 2odj_o00               Query structure     RMSD=  1.18 A  No. of residues =   3
   ------- -------                --------------- 
    A 156    HIS       matches     A 440    HIS  
    A 208    ASP       matches     A 346    ASP  
    A 296    SER       matches     A 375    SER  
  TRANSFORM   -0.1169  0.8854  0.4500  0.4064 -0.3708  0.8351  0.9062  0.2805 -0.3165    35.026   -16.637    17.430  
 
 Match found in 1qfl_c00     ACETOACETYL-COA THIOLASE            
   Pattern 1qfl_c00               Query structure     RMSD=  1.18 A  No. of residues =   3
   ------- -------                --------------- 
    A 348    HIS       matches     A 110    HIS  
    A 378    CYH       matches     A  83    CYH  
    A 380    GLY       matches     A  79    GLY  
  TRANSFORM   -0.1007  0.5516  0.8280 -0.7548 -0.5846  0.2976  0.6482 -0.5950  0.4752    30.570    59.534   -57.224  
 
 Match found in 1mro_c01     METHYL-COENZYME M REDUCTASE         
   Pattern 1mro_c01               Query structure     RMSD=  1.18 A  No. of residues =   3
   ------- -------                --------------- 
    D 465    GLY       matches     A  72    GLY  
    D 501    ASP       matches     A 457    ASP  
    E 367    TYR       matches     A 368    TYR  
  TRANSFORM   -0.3647 -0.5044 -0.7827  0.8085 -0.5886  0.0026 -0.4620 -0.6318  0.6224    95.669   109.213   151.844  
 
 Match found in 1dub_c13     2-ENOYL-COA HYDRATASE               
   Pattern 1dub_c13               Query structure     RMSD=  1.19 A  No. of residues =   3
   ------- -------                --------------- 
    B 141    GLY       matches     A 441    GLY  
    B 144    GLU       matches     A 443    GLU  
    B 164    GLU       matches     A 316    GLU  
  TRANSFORM   -0.5105 -0.7050 -0.4923  0.5342 -0.7087  0.4609 -0.6738 -0.0278  0.7384     4.353   104.281    11.094  
 
 Match found in 2qv4_p00     PANCREATIC ALPHA-AMYLASE            
   Pattern 2qv4_p00               Query structure     RMSD=  1.19 A  No. of residues =   3
   ------- -------                --------------- 
    A 459    ASN       matches     A 158    ASN  
    A 460    GLY       matches     A 157    GLY  
    A 461    ASN       matches     A 159    ASN  
  TRANSFORM   -0.6046 -0.2905  0.7417  0.0121 -0.9344 -0.3561  0.7964 -0.2063  0.5684   153.908    11.632    20.006  
 
 Match found in 1lij_c01     ADENOSINE KINASE                    
   Pattern 1lij_c01               Query structure     RMSD=  1.19 A  No. of residues =   3
   ------- -------                --------------- 
    A 316    ALA       matches     A 288    ALA  
    A 317    GLY       matches     A 153    GLY  
    A 318    ASP       matches     A 152    ASP  
  TRANSFORM   -0.2940  0.6564 -0.6948  0.8900  0.4531  0.0514  0.3485 -0.6033 -0.7174    47.206   -40.994   -43.393  
 
 Match found in 1d6o_c01     FK506-BINDING PROTEIN               
   Pattern 1d6o_c01               Query structure     RMSD=  1.19 A  No. of residues =   3
   ------- -------                --------------- 
    B  37    ASP       matches     A 363    ASP  
    B  56    ILE       matches     A 351    ILE  
    B  82    TYR       matches     A 347    TYR  
  TRANSFORM   -0.4581 -0.7117  0.5326 -0.6707 -0.1164 -0.7325  0.5833 -0.6928 -0.4240    16.636    -1.104    -0.261  
 
 Match found in 1ef8_c00     METHYLMALONYL COA DECARBOXYLASE     
   Pattern 1ef8_c00               Query structure     RMSD=  1.20 A  No. of residues =   3
   ------- -------                --------------- 
    A  66    HIS       matches     A 110    HIS  
    A 110    GLY       matches     A 117    GLY  
    A 140    TYR       matches     A 140    TYR  
  TRANSFORM    0.2105  0.9396  0.2699  0.9272 -0.2794  0.2493  0.3097  0.1978 -0.9300   -51.071    -4.686    -5.348  
 
 Match found in 1qrz_c13     PLASMINOGEN                         
   Pattern 1qrz_c13               Query structure     RMSD=  1.20 A  No. of residues =   3
   ------- -------                --------------- 
    B 603    HIS       matches     A 440    HIS  
    B 646    ASP       matches     A 442    ASP  
    B 741    SER       matches     A 217    SER  
  TRANSFORM    0.5554  0.7719  0.3094  0.5400 -0.0518 -0.8400 -0.6324  0.6337 -0.4456    10.014    19.315    -8.474  
 
 Match found in 1mro_c00     METHYL-COENZYME M REDUCTASE         
   Pattern 1mro_c00               Query structure     RMSD=  1.20 A  No. of residues =   3
   ------- -------                --------------- 
    A 465    GLY       matches     A  72    GLY  
    A 501    ASP       matches     A 457    ASP  
    B 367    TYR       matches     A 368    TYR  
  TRANSFORM    0.9218 -0.3839  0.0537 -0.1215 -0.1547  0.9804 -0.3681 -0.9103 -0.1893     3.183    -1.894   130.062  
 
 Match found in 1pjh_c02     ENOYL-COA ISOMERASE; ECI1P          
   Pattern 1pjh_c02               Query structure     RMSD=  1.21 A  No. of residues =   3
   ------- -------                --------------- 
    C  70    ALA       matches     A 264    ALA  
    C 126    LEU       matches     A  67    LEU  
    C 158    GLU       matches     A  81    GLU  
  TRANSFORM    0.1716  0.9526  0.2510  0.9496 -0.2278  0.2152  0.2622  0.2014 -0.9437   -23.179    -4.861    33.343  
 
 Match found in 1qrz_c12     PLASMINOGEN                         
   Pattern 1qrz_c12               Query structure     RMSD=  1.21 A  No. of residues =   3
   ------- -------                --------------- 
    A 603    HIS       matches     A 440    HIS  
    A 646    ASP       matches     A 442    ASP  
    A 741    SER       matches     A 217    SER  
  TRANSFORM   -0.4909 -0.5953  0.6361 -0.8624  0.4357 -0.2577 -0.1237 -0.6751 -0.7273     0.174   -33.733    11.526  
 
 Match found in 1tz3_c02     PUTATIVE SUGAR KINASE               
   Pattern 1tz3_c02               Query structure     RMSD=  1.22 A  No. of residues =   3
   ------- -------                --------------- 
    A 250    ALA       matches     A  99    ALA  
    A 251    GLY       matches     A 100    GLY  
    A 252    ASP       matches     A 101    ASP  
  TRANSFORM    0.3108  0.3906  0.8665 -0.8032  0.5954  0.0197 -0.5082 -0.7021  0.4988    50.181    75.706   155.563  
 
 Match found in 1dub_c17     2-ENOYL-COA HYDRATASE               
   Pattern 1dub_c17               Query structure     RMSD=  1.22 A  No. of residues =   3
   ------- -------                --------------- 
    F 141    GLY       matches     A 441    GLY  
    F 144    GLU       matches     A 443    GLU  
    F 164    GLU       matches     A 316    GLU  
  TRANSFORM   -0.9256  0.1698  0.3382  0.2141 -0.5018  0.8381  0.3120  0.8482  0.4281     4.666    -9.994    73.140  
 
 Match found in 2odj_o01     PORIN D                             
   Pattern 2odj_o01               Query structure     RMSD=  1.22 A  No. of residues =   3
   ------- -------                --------------- 
    B 156    HIS       matches     A 440    HIS  
    B 208    ASP       matches     A 346    ASP  
    B 296    SER       matches     A 375    SER  
  TRANSFORM    0.4610  0.5456 -0.6998  0.2100 -0.8333 -0.5114 -0.8622  0.0888 -0.4987    60.703   -17.032   -19.703  
 
 Match found in 1qgn_c22     CYSTATHIONINE GAMMA-SYNTHASE        
   Pattern 1qgn_c22               Query structure     RMSD=  1.22 A  No. of residues =   3
   ------- -------                --------------- 
    E 163    TYR       matches     A 417    TYR  
    E 236    ASP       matches     A 442    ASP  
    G 110    ARG       matches     A 434    ARG  
  TRANSFORM    0.0572  0.9978  0.0348 -0.4951 -0.0019  0.8688  0.8670 -0.0670  0.4939    60.277   -19.281   -81.397  
 
 Match found in 1qgn_c20     CYSTATHIONINE GAMMA-SYNTHASE        
   Pattern 1qgn_c20               Query structure     RMSD=  1.22 A  No. of residues =   3
   ------- -------                --------------- 
    E 110    ARG       matches     A 434    ARG  
    G 163    TYR       matches     A 417    TYR  
    G 236    ASP       matches     A 442    ASP  
  TRANSFORM    0.7416 -0.5238  0.4192  0.5972  0.2307 -0.7682  0.3056  0.8200  0.4839    27.000    10.719   -53.578  
 
 Match found in 1tz3_c03     PUTATIVE SUGAR KINASE               
   Pattern 1tz3_c03               Query structure     RMSD=  1.23 A  No. of residues =   3
   ------- -------                --------------- 
    B 250    ALA       matches     A  99    ALA  
    B 251    GLY       matches     A 100    GLY  
    B 252    ASP       matches     A 101    ASP  
  TRANSFORM    0.5120 -0.0543 -0.8573  0.0762  0.9969 -0.0176  0.8556 -0.0563  0.5146    47.812    30.399    -3.845  
 
 Match found in 1qgn_c16     CYSTATHIONINE GAMMA-SYNTHASE        
   Pattern 1qgn_c16               Query structure     RMSD=  1.23 A  No. of residues =   3
   ------- -------                --------------- 
    A 110    ARG       matches     A 434    ARG  
    C 163    TYR       matches     A 417    TYR  
    C 236    ASP       matches     A 442    ASP  
  TRANSFORM    0.9869  0.1552  0.0449 -0.0017 -0.2680  0.9634  0.1616 -0.9508 -0.2642     0.788    19.822    -1.747  
 
 Match found in 2tdt_c00     TETRAHYDRODIPICOLINATE N-SUCCINYLTRA
   Pattern 2tdt_c00               Query structure     RMSD=  1.23 A  No. of residues =   3
   ------- -------                --------------- 
      141    ASP       matches     A 346    ASP  
      166    GLY       matches     A 160    GLY  
      169    GLU       matches     A  46    GLU  
  TRANSFORM   -0.5747  0.0448  0.8172 -0.7594  0.3429 -0.5529 -0.3050 -0.9383 -0.1630   -29.459     2.610   131.174  
 
 Match found in 1pjh_c01     ENOYL-COA ISOMERASE; ECI1P          
   Pattern 1pjh_c01               Query structure     RMSD=  1.23 A  No. of residues =   3
   ------- -------                --------------- 
    B  70    ALA       matches     A 264    ALA  
    B 126    LEU       matches     A  67    LEU  
    B 158    GLU       matches     A  81    GLU  
  TRANSFORM   -0.1858  0.1081  0.9766 -0.9395  0.2715 -0.2088 -0.2877 -0.9564  0.0512     1.570    -1.540    11.439  
 
 Match found in 1qrz_c14     PLASMINOGEN                         
   Pattern 1qrz_c14               Query structure     RMSD=  1.24 A  No. of residues =   3
   ------- -------                --------------- 
    C 603    HIS       matches     A 440    HIS  
    C 646    ASP       matches     A 442    ASP  
    C 741    SER       matches     A 217    SER  
  TRANSFORM    0.5483  0.6363  0.5427  0.7514 -0.6596  0.0142  0.3671  0.4000 -0.8398    48.143   -13.063    14.971  
 
 Match found in 1d6o_c00     FK506-BINDING PROTEIN               
   Pattern 1d6o_c00               Query structure     RMSD=  1.24 A  No. of residues =   3
   ------- -------                --------------- 
    A  37    ASP       matches     A 457    ASP  
