******************************************************* user.XUMS **************************************************************
  TRANSFORM   -0.0706 -0.9486 -0.3086 -0.9274  0.1764 -0.3300  0.3674  0.2629 -0.8921    32.270    65.220    35.171  
 
 Match found in 1qho_c01     ALPHA-AMYLASE                       
   Pattern 1qho_c01               Query structure     RMSD=  0.41 A  No. of residues =   5
   ------- -------                --------------- 
    A 226    ARG       matches     A 215    ARG  
    A 228    ASP       matches     A 217    ASP  
    A 256    GLU       matches     A 287    GLU  
    A 328    HIS       matches     A 351    HIS  
    A 329    ASP       matches     A 352    ASP  
  TRANSFORM    0.1910 -0.5368 -0.8218 -0.2946 -0.8300  0.4736 -0.9363  0.1517 -0.3167     7.524    62.060    25.347  
 
 Match found in 1amy_c04     ALPHA-1,4 GLYCAN-4-GLUCANOHYDROLASE 
   Pattern 1amy_c04               Query structure     RMSD=  0.51 A  No. of residues =   5
   ------- -------                --------------- 
      177    ARG       matches     A 215    ARG  
      179    ASP       matches     A 217    ASP  
      204    GLU       matches     A 287    GLU  
      288    HIS       matches     A 351    HIS  
      289    ASP       matches     A 352    ASP  
  TRANSFORM    0.3957  0.6391 -0.6595  0.6028  0.3611  0.7115  0.6929 -0.6791 -0.2424    17.794    36.759    88.002  
 
 Match found in 1m53_c00     ISOMALTULOSE SYNTHASE               
   Pattern 1m53_c00               Query structure     RMSD=  0.52 A  No. of residues =   5
   ------- -------                --------------- 
    A 239    ARG       matches     A 215    ARG  
    A 241    ASP       matches     A 217    ASP  
    A 295    GLU       matches     A 287    GLU  
    A 368    HIS       matches     A 351    HIS  
    A 369    ASP       matches     A 352    ASP  
  TRANSFORM   -0.1097 -0.7959 -0.5954  0.9699  0.0452 -0.2391  0.2172 -0.6038  0.7670    54.137    43.880    12.506  
 
 Match found in 1uok_c00     OLIGO-1,6-GLUCOSIDASE               
   Pattern 1uok_c00               Query structure     RMSD=  0.60 A  No. of residues =   5
   ------- -------                --------------- 
      197    ARG       matches     A 215    ARG  
      199    ASP       matches     A 217    ASP  
      255    GLU       matches     A 287    GLU  
      328    HIS       matches     A 351    HIS  
      329    ASP       matches     A 352    ASP  
  TRANSFORM    0.1905 -0.9554  0.2256  0.8449  0.0425 -0.5332  0.4999  0.2922  0.8153    29.392   112.157    11.776  
 
 Match found in 2amg_c05     1,4-ALPHA-D-GLUCAN MALTOTETRAHYDROLA
   Pattern 2amg_c05               Query structure     RMSD=  1.00 A  No. of residues =   5
   ------- -------                --------------- 
      191    ARG       matches     A 215    ARG  
      193    ASP       matches     A 217    ASP  
      219    GLU       matches     A 287    GLU  
      293    HIS       matches     A 351    HIS  
      294    ASP       matches     A 352    ASP  
  TRANSFORM   -0.5893  0.5870 -0.5552 -0.1690 -0.7615 -0.6257 -0.7901 -0.2749  0.5479    44.317    85.472    34.591  
 
 Match found in 1cdg_c01     CYCLODEXTRIN GLYCOSYLTRANSFERASE (E.
   Pattern 1cdg_c01               Query structure     RMSD=  1.20 A  No. of residues =   5
   ------- -------                --------------- 
      227    ARG       matches     A 215    ARG  
      229    ASP       matches     A 217    ASP  
      257    GLU       matches     A 287    GLU  
      327    HIS       matches     A 351    HIS  
      328    ASP       matches     A 352    ASP  
  TRANSFORM   -0.1146 -0.9446 -0.3076 -0.9009  0.2293 -0.3684  0.4186  0.2349 -0.8773    31.992    65.591    35.572  
 
 Match found in 1qho_c03     ALPHA-AMYLASE                       
   Pattern 1qho_c03               Query structure     RMSD=  0.46 A  No. of residues =   4
   ------- -------                --------------- 
    A 132    HIS       matches     A 111    HIS  
    A 228    ASP       matches     A 217    ASP  
    A 256    GLU       matches     A 287    GLU  
    A 329    ASP       matches     A 352    ASP  
  TRANSFORM    0.1676 -0.5538 -0.8156 -0.3140 -0.8142  0.4883 -0.9345  0.1743 -0.3104     7.296    61.799    25.464  
 
 Match found in 1amy_c02     ALPHA-1,4 GLYCAN-4-GLUCANOHYDROLASE 
   Pattern 1amy_c02               Query structure     RMSD=  0.48 A  No. of residues =   4
   ------- -------                --------------- 
       92    HIS       matches     A 111    HIS  
      179    ASP       matches     A 217    ASP  
      204    GLU       matches     A 287    GLU  
      289    ASP       matches     A 352    ASP  
  TRANSFORM   -0.1231 -0.8121 -0.5703  0.9683  0.0275 -0.2482  0.2172 -0.5828  0.7830    54.013    43.930    12.344  
 
 Match found in 1uok_c02     OLIGO-1,6-GLUCOSIDASE               
   Pattern 1uok_c02               Query structure     RMSD=  0.52 A  No. of residues =   4
   ------- -------                --------------- 
      103    HIS       matches     A 111    HIS  
      199    ASP       matches     A 217    ASP  
      255    GLU       matches     A 287    GLU  
      329    ASP       matches     A 352    ASP  
  TRANSFORM    0.4525  0.6283 -0.6328  0.5916  0.3195  0.7402  0.6673 -0.7093 -0.2272    18.294    36.495    87.703  
 
 Match found in 1m53_c02     ISOMALTULOSE SYNTHASE               
   Pattern 1m53_c02               Query structure     RMSD=  0.54 A  No. of residues =   4
   ------- -------                --------------- 
    A 145    HIS       matches     A 111    HIS  
    A 241    ASP       matches     A 217    ASP  
    A 295    GLU       matches     A 287    GLU  
    A 369    ASP       matches     A 352    ASP  
  TRANSFORM   -0.8732  0.4787 -0.0921  0.0627 -0.0771 -0.9951 -0.4834 -0.8746  0.0373    82.311    77.386    38.959  
 
 Match found in 1bf2_c03     ISOAMYLASE                          
   Pattern 1bf2_c03               Query structure     RMSD=  0.71 A  No. of residues =   4
   ------- -------                --------------- 
      297    HIS       matches     A 111    HIS  
      375    ASP       matches     A 217    ASP  
      435    GLU       matches     A 287    GLU  
      510    ASP       matches     A 352    ASP  
  TRANSFORM    0.1283 -0.9527  0.2755  0.9072  0.0005 -0.4208  0.4008  0.3039  0.8643    29.030   112.138    10.790  
 
 Match found in 2amg_c01     1,4-ALPHA-D-GLUCAN MALTOTETRAHYDROLA
   Pattern 2amg_c01               Query structure     RMSD=  1.12 A  No. of residues =   4
   ------- -------                --------------- 
      117    HIS       matches     A 111    HIS  
      193    ASP       matches     A 217    ASP  
      219    GLU       matches     A 287    GLU  
      294    ASP       matches     A 352    ASP  
  TRANSFORM   -0.5364  0.5957 -0.5978 -0.1114 -0.7521 -0.6495 -0.8366 -0.2818  0.4698    44.674    86.008    34.547  
 
 Match found in 1cdg_c03     CYCLODEXTRIN GLYCOSYLTRANSFERASE (E.
   Pattern 1cdg_c03               Query structure     RMSD=  1.27 A  No. of residues =   4
   ------- -------                --------------- 
      140    HIS       matches     A 111    HIS  
      229    ASP       matches     A 217    ASP  
      257    GLU       matches     A 287    GLU  
      328    ASP       matches     A 352    ASP  
  TRANSFORM   -0.0940 -0.9433 -0.3182 -0.9119  0.2099 -0.3527  0.3995  0.2570 -0.8800    32.124    65.486    35.393  
 
 Match found in 1qho_c04     ALPHA-AMYLASE                       
   Pattern 1qho_c04               Query structure     RMSD=  0.48 A  No. of residues =   3
   ------- -------                --------------- 
    A 228    ASP       matches     A 217    ASP  
    A 256    GLU       matches     A 287    GLU  
    A 329    ASP       matches     A 352    ASP  
  TRANSFORM    0.1823 -0.5668 -0.8034 -0.3570 -0.7995  0.4831 -0.9161  0.1988 -0.3481     7.365    61.542    25.704  
 
 Match found in 1amy_c05     ALPHA-1,4 GLYCAN-4-GLUCANOHYDROLASE 
   Pattern 1amy_c05               Query structure     RMSD=  0.51 A  No. of residues =   3
   ------- -------                --------------- 
      179    ASP       matches     A 217    ASP  
      204    GLU       matches     A 287    GLU  
      289    ASP       matches     A 352    ASP  
  TRANSFORM   -0.1309 -0.8156 -0.5636  0.9700  0.0121 -0.2428  0.2048 -0.5785  0.7896    53.912    43.823    12.311  
 
 Match found in 1uok_c03     OLIGO-1,6-GLUCOSIDASE               
   Pattern 1uok_c03               Query structure     RMSD=  0.55 A  No. of residues =   3
   ------- -------                --------------- 
      199    ASP       matches     A 217    ASP  
      255    GLU       matches     A 287    GLU  
      329    ASP       matches     A 352    ASP  
  TRANSFORM    0.4790  0.6115 -0.6298  0.5838  0.3138  0.7488  0.6555 -0.7264 -0.2067    18.364    36.432    87.515  
 
 Match found in 1m53_c03     ISOMALTULOSE SYNTHASE               
   Pattern 1m53_c03               Query structure     RMSD=  0.58 A  No. of residues =   3
   ------- -------                --------------- 
    A 241    ASP       matches     A 217    ASP  
    A 295    GLU       matches     A 287    GLU  
    A 369    ASP       matches     A 352    ASP  
  TRANSFORM   -0.8706  0.4848 -0.0838  0.0404 -0.0994 -0.9942 -0.4903 -0.8690  0.0670    82.268    77.328    38.827  
 
 Match found in 1bf2_c00     ISOAMYLASE                          
   Pattern 1bf2_c00               Query structure     RMSD=  0.67 A  No. of residues =   3
   ------- -------                --------------- 
      375    ASP       matches     A 217    ASP  
      435    GLU       matches     A 287    GLU  
      510    ASP       matches     A 352    ASP  
  TRANSFORM    0.2890 -0.9128 -0.2885 -0.8593 -0.3802  0.3421 -0.4220  0.1491 -0.8943    34.626    62.073    29.609  
 
 Match found in 1qho_c05     ALPHA-AMYLASE                       
   Pattern 1qho_c05               Query structure     RMSD=  0.67 A  No. of residues =   3
   ------- -------                --------------- 
    A 228    ASP       matches     A 217    ASP  
    A 261    ASP       matches     A 245    ASP  
    A 329    ASP       matches     A 352    ASP  
  TRANSFORM    0.5939  0.5371 -0.5990  0.5535  0.2676  0.7887  0.5839 -0.7999 -0.1384    18.899    36.146    86.142  
 
 Match found in 1m53_c06     ISOMALTULOSE SYNTHASE               
   Pattern 1m53_c06               Query structure     RMSD=  0.68 A  No. of residues =   3
   ------- -------                --------------- 
    A 241    ASP       matches     A 217    ASP  
    A 279    GLU       matches     A 264    GLU  
    A 369    ASP       matches     A 352    ASP  
  TRANSFORM    0.1719 -0.4533 -0.8746  0.8928  0.4469 -0.0561  0.4163 -0.7712  0.4815    35.769   -70.792  -112.428  
 
 Match found in 1xny_c00     PROPIONYL-COA CARBOXYLASE COMPLEX B 
   Pattern 1xny_c00               Query structure     RMSD=  0.75 A  No. of residues =   3
   ------- -------                --------------- 
    A 183    GLY       matches     A 300    GLY  
    B 419    GLY       matches     A 306    GLY  
    B 420    ALA       matches     A 307    ALA  
  TRANSFORM    0.4382  0.8162 -0.3765  0.8976 -0.3752  0.2313  0.0475 -0.4393 -0.8971     4.090    -2.416     2.805  
 
 Match found in 1be1_c02     GLUTAMATE MUTASE                    
   Pattern 1be1_c02               Query structure     RMSD=  0.78 A  No. of residues =   3
   ------- -------                --------------- 
       14    ASP       matches     A  72    ASP  
       16    HIS       matches     A 111    HIS  
       67    GLY       matches     A 213    GLY  
  TRANSFORM    0.1705 -0.8582 -0.4842 -0.5683 -0.4870  0.6632 -0.8049  0.1621 -0.5708    -4.168    -7.428   -11.161  
 
 Match found in 2tdt_c00     TETRAHYDRODIPICOLINATE N-SUCCINYLTRA
   Pattern 2tdt_c00               Query structure     RMSD=  0.82 A  No. of residues =   3
   ------- -------                --------------- 
      141    ASP       matches     A 411    ASP  
      166    GLY       matches     A 166    GLY  
      169    GLU       matches     A 224    GLU  
  TRANSFORM    0.5626  0.5315  0.6333  0.8201 -0.4553 -0.3465  0.1042  0.7143 -0.6921    19.979    27.074    25.840  
 
 Match found in 1nu3_c00     LIMONENE-1,2-EPOXIDE HYDROLASE      
   Pattern 1nu3_c00               Query structure     RMSD=  0.82 A  No. of residues =   3
   ------- -------                --------------- 
    A  99    ARG       matches     A 414    ARG  
    A 101    ASP       matches     A 401    ASP  
    A 132    ASP       matches     A  68    ASP  
  TRANSFORM   -0.5492 -0.5179 -0.6558 -0.8050  0.5386  0.2488  0.2243  0.6646 -0.7127     3.544     0.235    27.688  
 
 Match found in 1nu3_c01     LIMONENE-1,2-EPOXIDE HYDROLASE      
   Pattern 1nu3_c01               Query structure     RMSD=  0.83 A  No. of residues =   3
   ------- -------                --------------- 
    B  99    ARG       matches     A 414    ARG  
    B 101    ASP       matches     A 401    ASP  
    B 132    ASP       matches     A  68    ASP  
  TRANSFORM    0.0678  0.7756 -0.6276  0.6727  0.4290  0.6028  0.7368 -0.4630 -0.4927    50.422     7.559    27.663  
 
 Match found in 1q6l_c05     3-KETO-L-GULONATE 6-PHOSPHATE DECARB
   Pattern 1q6l_c05               Query structure     RMSD=  0.84 A  No. of residues =   3
   ------- -------                --------------- 
    A  67    ASP       matches     A 217    ASP  
    A  68    ALA       matches     A 218    ALA  
    A  72    LEU       matches     A 219    LEU  
  TRANSFORM    0.5593  0.5429  0.6265  0.8217 -0.4630 -0.3323  0.1097  0.7006 -0.7051    19.959    26.892    25.967  
 
 Match found in 1nww_c02     LIMONENE-1,2-EPOXIDE HYDROLASE      
   Pattern 1nww_c02               Query structure     RMSD=  0.86 A  No. of residues =   3
   ------- -------                --------------- 
    A  99    ARG       matches     A 414    ARG  
    A 101    ASP       matches     A 401    ASP  
    A 132    ASP       matches     A  68    ASP  
  TRANSFORM   -0.5493 -0.5440 -0.6343 -0.8134  0.5220  0.2566  0.1915  0.6569 -0.7292     3.151    -0.273    27.399  
 
 Match found in 1nww_c03     LIMONENE-1,2-EPOXIDE HYDROLASE      
   Pattern 1nww_c03               Query structure     RMSD=  0.87 A  No. of residues =   3
   ------- -------                --------------- 
    B  99    ARG       matches     A 414    ARG  
    B 101    ASP       matches     A 401    ASP  
    B 132    ASP       matches     A  68    ASP  
  TRANSFORM    0.1879  0.9029 -0.3866  0.8786  0.0214  0.4770  0.4390 -0.4293 -0.7893    21.925    66.921    73.455  
 
 Match found in 1ddj_c14     PLASMINOGEN                         
   Pattern 1ddj_c14               Query structure     RMSD=  0.87 A  No. of residues =   3
   ------- -------                --------------- 
    C 603    HIS       matches     A 111    HIS  
    C 646    ASP       matches     A 187    ASP  
    C 739    GLY       matches     A 163    GLY  
  TRANSFORM    0.7389  0.4666 -0.4861 -0.4576  0.8770  0.1463  0.4946  0.1144  0.8616     7.164   -20.598    52.109  
 
 Match found in 1wbf_p00     PROTEIN (AGGLUTININ)                
   Pattern 1wbf_p00               Query structure     RMSD=  0.90 A  No. of residues =   3
   ------- -------                --------------- 
    A  44    ASN       matches     A 248    ASN  
    A 213    PRO       matches     A 232    PRO  
    A 219    ASN       matches     A 236    ASN  
  TRANSFORM   -0.7371 -0.1674  0.6547 -0.3688 -0.7122 -0.5973  0.5663 -0.6817  0.4633   -46.925    34.749    46.022  
 
 Match found in 1ddj_c15     PLASMINOGEN                         
   Pattern 1ddj_c15               Query structure     RMSD=  0.90 A  No. of residues =   3
   ------- -------                --------------- 
    D 603    HIS       matches     A 111    HIS  
    D 646    ASP       matches     A 187    ASP  
    D 739    GLY       matches     A 163    GLY  
  TRANSFORM   -0.6363 -0.5411  0.5499 -0.2822  0.8266  0.4869 -0.7180  0.1546 -0.6787    27.901    42.382   -50.768  
 
 Match found in 1mro_c01     METHYL-COENZYME M REDUCTASE         
   Pattern 1mro_c01               Query structure     RMSD=  0.91 A  No. of residues =   3
   ------- -------                --------------- 
    D 465    GLY       matches     A 300    GLY  
    D 501    ASP       matches     A 226    ASP  
    E 367    TYR       matches     A 382    TYR  
  TRANSFORM    0.5990 -0.1426 -0.7879 -0.5909 -0.7428 -0.3148 -0.5404  0.6541 -0.5292    41.238    62.303    31.097  
 
 Match found in 1qho_c05     ALPHA-AMYLASE                       
   Pattern 1qho_c05               Query structure     RMSD=  0.91 A  No. of residues =   3
   ------- -------                --------------- 
    A 228    ASP       matches     A  68    ASP  
    A 261    ASP       matches     A 245    ASP  
    A 329    ASP       matches     A 352    ASP  
  TRANSFORM   -0.2132 -0.9747 -0.0671  0.6856 -0.1003 -0.7211  0.6961 -0.1997  0.6896    22.001    32.036   -14.597  
 
 Match found in 1mro_c00     METHYL-COENZYME M REDUCTASE         
   Pattern 1mro_c00               Query structure     RMSD=  0.91 A  No. of residues =   3
   ------- -------                --------------- 
    A 465    GLY       matches     A 300    GLY  
    A 501    ASP       matches     A 226    ASP  
    B 367    TYR       matches     A 382    TYR  
  TRANSFORM   -0.4843  0.7625  0.4290  0.8700  0.4714  0.1442 -0.0923  0.4431 -0.8917    33.499   -18.170    58.485  
 
 Match found in 1cjy_c00     CYTOSOLIC PHOSPHOLIPASE A2          
   Pattern 1cjy_c00               Query structure     RMSD=  0.92 A  No. of residues =   3
   ------- -------                --------------- 
    A 198    GLY       matches     A 213    GLY  
    A 228    SER       matches     A 282    SER  
    A 549    ASP       matches     A 270    ASP  
  TRANSFORM    0.1686 -0.2027 -0.9646 -0.5451 -0.8345  0.0800 -0.8212  0.5123 -0.2512    29.830    23.369    43.282  
 
 Match found in 1cb8_c01     CHONDROITINASE AC                   
   Pattern 1cb8_c01               Query structure     RMSD=  0.94 A  No. of residues =   3
   ------- -------                --------------- 
    A 225    HIS       matches     A 351    HIS  
    A 234    TYR       matches     A  71    TYR  
    A 288    ARG       matches     A 215    ARG  
  TRANSFORM    0.6576  0.1145 -0.7446  0.2203  0.9160  0.3354  0.7204 -0.3846  0.5771    34.483   -55.782  -118.541  
 
 Match found in 1xny_c00     PROPIONYL-COA CARBOXYLASE COMPLEX B 
   Pattern 1xny_c00               Query structure     RMSD=  0.95 A  No. of residues =   3
   ------- -------                --------------- 
    A 183    GLY       matches     A 407    GLY  
    B 419    GLY       matches     A 406    GLY  
    B 420    ALA       matches     A 405    ALA  
  TRANSFORM   -0.3818 -0.0197 -0.9240 -0.8309 -0.4305  0.3525 -0.4047  0.9024  0.1480   -44.481   -34.053     1.644  
 
 Match found in 1cwy_c00     AMYLOMALTASE                        
   Pattern 1cwy_c00               Query structure     RMSD=  0.95 A  No. of residues =   3
   ------- -------                --------------- 
    A 293    ASP       matches     A 217    ASP  
    A 340    GLU       matches     A 287    GLU  
    A 395    ASP       matches     A 352    ASP  
  TRANSFORM    0.1641 -0.2630 -0.9507 -0.3612  0.8809 -0.3060  0.9179  0.3936  0.0496    15.481   -13.605    38.813  
 
 Match found in 1c82_c01     HYALURONATE LYASE                   
   Pattern 1c82_c01               Query structure     RMSD=  0.96 A  No. of residues =   3
   ------- -------                --------------- 
    A 399    HIS       matches     A 351    HIS  
    A 408    TYR       matches     A  71    TYR  
    A 462    ARG       matches     A 215    ARG  
  TRANSFORM    0.3923  0.5772 -0.7162  0.8893 -0.0390  0.4556  0.2350 -0.8157 -0.5286   -11.283     3.173    54.227  
 
 Match found in 2wwt_o01     INTRACELLULAR SUBTILISIN PROTEASE   
   Pattern 2wwt_o01               Query structure     RMSD=  0.98 A  No. of residues =   3
   ------- -------                --------------- 
    B  49    ASP       matches     A 187    ASP  
    B  86    HIS       matches     A 111    HIS  
    B 250    ALA       matches     A 218    ALA  
  TRANSFORM   -0.6000 -0.1280 -0.7897 -0.7171 -0.3516  0.6018 -0.3547  0.9273  0.1192    82.466    39.404   137.343  
 
 Match found in 1hto_c00     GLUTAMINE SYNTHETASE                
   Pattern 1hto_c00               Query structure     RMSD=  0.99 A  No. of residues =   3
   ------- -------                --------------- 
    A  50    ASP       matches     A 397    ASP  
    A 327    GLU       matches     A 267    GLU  
    A 339    ARG       matches     A 263    ARG  
  TRANSFORM    0.2288  0.9122 -0.3399  0.8864 -0.0509  0.4601  0.4024 -0.4065 -0.8203    24.677    68.027     9.999  
 
 Match found in 1ddj_c12     PLASMINOGEN                         
   Pattern 1ddj_c12               Query structure     RMSD=  0.99 A  No. of residues =   3
   ------- -------                --------------- 
    A 603    HIS       matches     A 111    HIS  
    A 646    ASP       matches     A 187    ASP  
    A 739    GLY       matches     A 163    GLY  
  TRANSFORM    0.2293 -0.2299 -0.9458  0.9310  0.3354  0.1442  0.2840 -0.9136  0.2910    -6.703    17.536   -34.265  
 
 Match found in 1t0u_c01     URIDINE PHOSPHORYLASE               
   Pattern 1t0u_c01               Query structure     RMSD=  0.99 A  No. of residues =   3
   ------- -------                --------------- 
    B   8    HIS       matches     A 196    HIS  
    B  80    GLU       matches     A 264    GLU  
    B 223    ARG       matches     A  25    ARG  
  TRANSFORM   -0.8791 -0.1009  0.4659 -0.2277 -0.7698 -0.5963  0.4188 -0.6302  0.6538   -45.447    39.759   -21.786  
 
 Match found in 1ddj_c13     PLASMINOGEN                         
   Pattern 1ddj_c13               Query structure     RMSD=  0.99 A  No. of residues =   3
   ------- -------                --------------- 
    B 603    HIS       matches     A 111    HIS  
    B 646    ASP       matches     A 187    ASP  
    B 739    GLY       matches     A 163    GLY  
  TRANSFORM    0.6625  0.5578 -0.4999  0.1162  0.5828  0.8042  0.7400 -0.5909  0.3213    52.900    84.539    45.840  
 
 Match found in 1cdg_c04     CYCLODEXTRIN GLYCOSYLTRANSFERASE (E.
   Pattern 1cdg_c04               Query structure     RMSD=  1.00 A  No. of residues =   3
   ------- -------                --------------- 
      229    ASP       matches     A 352    ASP  
      257    GLU       matches     A 287    GLU  
      328    ASP       matches     A 217    ASP  
  TRANSFORM   -0.1692 -0.8075 -0.5650  0.9795 -0.0742 -0.1872  0.1093 -0.5851  0.8035    53.142    43.333    11.301  
 
 Match found in 1uok_c05     OLIGO-1,6-GLUCOSIDASE               
   Pattern 1uok_c05               Query structure     RMSD=  1.00 A  No. of residues =   3
   ------- -------                --------------- 
      199    ASP       matches     A 217    ASP  
      242    GLU       matches     A 267    GLU  
      329    ASP       matches     A 352    ASP  
  TRANSFORM   -0.5347 -0.0105  0.8450  0.7875  0.3563  0.5028 -0.3064  0.9343 -0.1823     2.948    14.019    15.440  
 
 Match found in 2tdt_c00     TETRAHYDRODIPICOLINATE N-SUCCINYLTRA
   Pattern 2tdt_c00               Query structure     RMSD=  1.02 A  No. of residues =   3
   ------- -------                --------------- 
      141    ASP       matches     A 415    ASP  
      166    GLY       matches     A 388    GLY  
      169    GLU       matches     A 363    GLU  
  TRANSFORM    0.3430  0.8968  0.2796  0.8867 -0.2109 -0.4114 -0.3100  0.3890 -0.8675   113.555    75.954   131.069  
 
 Match found in 1cjy_c01     CYTOSOLIC PHOSPHOLIPASE A2          
   Pattern 1cjy_c01               Query structure     RMSD=  1.03 A  No. of residues =   3
   ------- -------                --------------- 
    B1198    GLY       matches     A 213    GLY  
    B1228    SER       matches     A 282    SER  
    B1549    ASP       matches     A 270    ASP  
  TRANSFORM   -0.8155 -0.5731  0.0808  0.1603 -0.0896  0.9830 -0.5561  0.8146  0.1649     3.376   -15.865     6.773  
 
 Match found in 1be1_c02     GLUTAMATE MUTASE                    
   Pattern 1be1_c02               Query structure     RMSD=  1.04 A  No. of residues =   3
   ------- -------                --------------- 
       14    ASP       matches     A  46    ASP  
       16    HIS       matches     A  47    HIS  
       67    GLY       matches     A  34    GLY  
  TRANSFORM   -0.8246 -0.3508 -0.4438  0.5555 -0.6503 -0.5182 -0.1069 -0.6738  0.7311     1.220     4.508    67.845  
 
 Match found in 1cb7_c06     GLUTAMATE MUTASE                    
   Pattern 1cb7_c06               Query structure     RMSD=  1.05 A  No. of residues =   3
   ------- -------                --------------- 
    A  14    ASP       matches     A 187    ASP  
    A  16    HIS       matches     A 111    HIS  
    A  67    GLY       matches     A 166    GLY  
  TRANSFORM   -0.9731  0.1766  0.1478  0.0757  0.8513 -0.5192 -0.2175 -0.4940 -0.8418    36.307    92.881    45.921  
 
 Match found in 1cdg_c00     CYCLODEXTRIN GLYCOSYLTRANSFERASE (E.
   Pattern 1cdg_c00               Query structure     RMSD=  1.06 A  No. of residues =   3
   ------- -------                --------------- 
      229    ASP       matches     A  68    ASP  
      264    GLU       matches     A 224    GLU  
      328    ASP       matches     A 217    ASP  
  TRANSFORM    0.1129  0.3099  0.9441 -0.9871  0.1435  0.0709 -0.1135 -0.9399  0.3221    80.983    30.505    35.818  
 
 Match found in 4dqk_o00     BIFUNCTIONAL P-450/NADPH-P450 REDUCT
   Pattern 4dqk_o00               Query structure     RMSD=  1.07 A  No. of residues =   3
   ------- -------                --------------- 
    A 966    SER       matches     A 288    SER  
    A 967    ARG       matches     A 220    ARG  
    A 975    TYR       matches     A 298    TYR  
  TRANSFORM   -0.8289 -0.4824 -0.2833 -0.5555  0.6497  0.5190 -0.0663  0.5875 -0.8065    -1.501    26.694    95.584  
 
 Match found in 1cb7_c07     GLUTAMATE MUTASE                    
   Pattern 1cb7_c07               Query structure     RMSD=  1.07 A  No. of residues =   3
   ------- -------                --------------- 
    C  14    ASP       matches     A 187    ASP  
    C  16    HIS       matches     A 111    HIS  
    C  67    GLY       matches     A 166    GLY  
  TRANSFORM    0.9915  0.0389 -0.1241  0.0464 -0.9972  0.0585 -0.1214 -0.0638 -0.9905    15.880     4.220    44.592  
 
 Match found in 1lio_c01     ADENOSINE KINASE                    
   Pattern 1lio_c01               Query structure     RMSD=  1.07 A  No. of residues =   3
   ------- -------                --------------- 
    A 316    ALA       matches     A 429    ALA  
    A 317    GLY       matches     A 430    GLY  
    A 318    ASP       matches     A 424    ASP  
  TRANSFORM   -0.2699  0.9486 -0.1652  0.4400  0.2741  0.8551  0.8565  0.1582 -0.4914    43.717     4.163    27.996  
 
 Match found in 1q6l_c05     3-KETO-L-GULONATE 6-PHOSPHATE DECARB
   Pattern 1q6l_c05               Query structure     RMSD=  1.08 A  No. of residues =   3
   ------- -------                --------------- 
    A  67    ASP       matches     A 217    ASP  
    A  68    ALA       matches     A 218    ALA  
    A  72    LEU       matches     A 222    LEU  
  TRANSFORM   -0.3037 -0.8508 -0.4288  0.5644  0.2020 -0.8004  0.7676 -0.4851  0.4188    28.968    30.882   -20.717  
 
 Match found in 1mro_c00     METHYL-COENZYME M REDUCTASE         
   Pattern 1mro_c00               Query structure     RMSD=  1.08 A  No. of residues =   3
   ------- -------                --------------- 
    A 465    GLY       matches     A 271    GLY  
    A 501    ASP       matches     A 194    ASP  
    B 367    TYR       matches     A  20    TYR  
  TRANSFORM   -0.7680  0.4985  0.4021  0.1661 -0.4513  0.8768  0.6186  0.7401  0.2638    -2.191   -11.708   142.969  
 
 Match found in 1am5_c04     PEPSIN                              
   Pattern 1am5_c04               Query structure     RMSD=  1.08 A  No. of residues =   3
   ------- -------                --------------- 
       32    ASP       matches     A  37    ASP  
       35    SER       matches     A  30    SER  
      215    ASP       matches     A  33    ASP  
  TRANSFORM   -0.5955 -0.7115  0.3731 -0.1376  0.5479  0.8252 -0.7915  0.4400 -0.4241    32.893    37.841   -44.302  
 
 Match found in 1mro_c01     METHYL-COENZYME M REDUCTASE         
   Pattern 1mro_c01               Query structure     RMSD=  1.08 A  No. of residues =   3
   ------- -------                --------------- 
    D 465    GLY       matches     A 271    GLY  
    D 501    ASP       matches     A 194    ASP  
    E 367    TYR       matches     A  20    TYR  
  TRANSFORM   -0.5579  0.3855  0.7350  0.7505 -0.1438  0.6451  0.3543  0.9115 -0.2090     6.815     9.687     8.625  
 
 Match found in 2tdt_c00     TETRAHYDRODIPICOLINATE N-SUCCINYLTRA
   Pattern 2tdt_c00               Query structure     RMSD=  1.08 A  No. of residues =   3
   ------- -------                --------------- 
      141    ASP       matches     A 352    ASP  
      166    GLY       matches     A 388    GLY  
      169    GLU       matches     A 363    GLU  
  TRANSFORM   -0.3834 -0.5745  0.7232  0.9040 -0.0732  0.4211 -0.1890  0.8152  0.5474   -50.534    36.996     7.037  
 
 Match found in 2wwt_o04     INTRACELLULAR SUBTILISIN PROTEASE   
   Pattern 2wwt_o04               Query structure     RMSD=  1.09 A  No. of residues =   3
   ------- -------                --------------- 
    E  49    ASP       matches     A 187    ASP  
    E  86    HIS       matches     A 111    HIS  
    E 250    ALA       matches     A 218    ALA  
  TRANSFORM    0.8572 -0.5055 -0.0990  0.1637  0.4496 -0.8781  0.4883  0.7365  0.4681     9.474    16.331   -17.465  
 
 Match found in 1mro_c00     METHYL-COENZYME M REDUCTASE         
   Pattern 1mro_c00               Query structure     RMSD=  1.09 A  No. of residues =   3
   ------- -------                --------------- 
    A 465    GLY       matches     A 314    GLY  
    A 501    ASP       matches     A 415    ASP  
    B 367    TYR       matches     A 532    TYR  
  TRANSFORM   -0.5288 -0.4576 -0.7149 -0.0305 -0.8314  0.5548 -0.8482  0.3152  0.4257    28.010   -37.255     2.721  
 
 Match found in 1tz3_c02     PUTATIVE SUGAR KINASE               
   Pattern 1tz3_c02               Query structure     RMSD=  1.09 A  No. of residues =   3
   ------- -------                --------------- 
    A 250    ALA       matches     A 437    ALA  
    A 251    GLY       matches     A  34    GLY  
    A 252    ASP       matches     A  29    ASP  
  TRANSFORM   -0.0571  0.7052 -0.7067  0.2070  0.7008  0.6826  0.9767 -0.1073 -0.1860    36.881   -17.085   -54.089  
 
 Match found in 1tz3_c03     PUTATIVE SUGAR KINASE               
   Pattern 1tz3_c03               Query structure     RMSD=  1.10 A  No. of residues =   3
   ------- -------                --------------- 
    B 250    ALA       matches     A 437    ALA  
    B 251    GLY       matches     A  34    GLY  
    B 252    ASP       matches     A  29    ASP  
  TRANSFORM    0.4308 -0.6339  0.6424 -0.7824  0.0924  0.6159 -0.4497 -0.7679 -0.4562    32.157    62.058   -48.216  
 
 Match found in 1mro_c01     METHYL-COENZYME M REDUCTASE         
   Pattern 1mro_c01               Query structure     RMSD=  1.11 A  No. of residues =   3
   ------- -------                --------------- 
    D 465    GLY       matches     A 314    GLY  
    D 501    ASP       matches     A 415    ASP  
    E 367    TYR       matches     A 532    TYR  
  TRANSFORM   -0.6266 -0.4120 -0.6615 -0.6579 -0.1754  0.7324 -0.4178  0.8941 -0.1612    -5.247    35.565     7.229  
 
 Match found in 1hkd_p00     PEA LECTIN ALPHA CHAIN              
   Pattern 1hkd_p00               Query structure     RMSD=  1.11 A  No. of residues =   3
   ------- -------                --------------- 
    A  81    ASP       matches     A  29    ASP  
    A  99    GLY       matches     A  34    GLY  
    A 125    ASN       matches     A 434    ASN  
  TRANSFORM    0.3495 -0.2094  0.9132 -0.4325  0.8286  0.3555 -0.8311 -0.5193  0.1990    53.776    53.170     5.609  
 
 Match found in 1js4_c00     ENDO-EXOCELLULASE E4                
   Pattern 1js4_c00               Query structure     RMSD=  1.11 A  No. of residues =   3
   ------- -------                --------------- 
    A  55    ASP       matches     A 401    ASP  
    A  58    ASP       matches     A 415    ASP  
    A 424    GLU       matches     A 417    GLU  
  TRANSFORM   -0.5032 -0.1585  0.8495  0.2081  0.9319  0.2972 -0.8387  0.3264 -0.4359   -42.816     4.834    11.793  
 
 Match found in 1qrz_c21     PLASMINOGEN                         
   Pattern 1qrz_c21               Query structure     RMSD=  1.11 A  No. of residues =   3
   ------- -------                --------------- 
    B 603    HIS       matches     A  47    HIS  
    B 646    ASP       matches     A  46    ASP  
    B 739    GLY       matches     A 430    GLY  
  TRANSFORM   -0.6141  0.3659  0.6993  0.7689  0.0777  0.6346  0.1779  0.9274 -0.3291   156.801     8.211    11.742  
 
 Match found in 1lij_c01     ADENOSINE KINASE                    
   Pattern 1lij_c01               Query structure     RMSD=  1.12 A  No. of residues =   3
   ------- -------                --------------- 
    A 316    ALA       matches     A 429    ALA  
    A 317    GLY       matches     A 430    GLY  
    A 318    ASP       matches     A 424    ASP  
  TRANSFORM    0.5606 -0.8280  0.0074  0.3333  0.2338  0.9134 -0.7580 -0.5096  0.4071   -46.204    40.567    73.358  
 
 Match found in 2z3x_d00     DNA BINDING PROTEIN/DNA             
   Pattern 2z3x_d00               Query structure     RMSD=  1.12 A  No. of residues =   3
   ------- -------                --------------- 
    B  34    SER       matches     A 425    SER  
    B  37    ASN       matches     A 449    ASN  
    B  45    THR       matches     A 392    THR  
  TRANSFORM    0.0946  0.9690 -0.2283  0.9943 -0.0805  0.0701  0.0495 -0.2336 -0.9711    32.149    20.902    24.660  
 
 Match found in 2phk_c02     MC-PEPTIDE                          
   Pattern 2phk_c02               Query structure     RMSD=  1.12 A  No. of residues =   3
   ------- -------                --------------- 
    A 149    ASP       matches     A 328    ASP  
    A 151    LYS       matches     A 332    LYS  
    A 186    THR       matches     A 483    THR  
  TRANSFORM    0.8142  0.5804 -0.0135  0.3316 -0.4458  0.8314  0.4765 -0.6815 -0.5555    25.720    -8.317    14.916  
 
 Match found in 1apt_c04     ISOVALERYL (IVA)-VAL-VAL-LYSTA-O-ET 
   Pattern 1apt_c04               Query structure     RMSD=  1.12 A  No. of residues =   3
   ------- -------                --------------- 
    E  33    ASP       matches     A  37    ASP  
    E  36    SER       matches     A  30    SER  
    E 213    ASP       matches     A  33    ASP  
  TRANSFORM    0.2718 -0.7745 -0.5712 -0.7651  0.1860 -0.6164  0.5837  0.6046 -0.5420    -2.419    72.430   110.448  
 
 Match found in 2v3r_p00     EXOGLUCANASE 1                      
   Pattern 2v3r_p00               Query structure     RMSD=  1.12 A  No. of residues =   3
   ------- -------                --------------- 
    A 270    ASN       matches     A 447    ASN  
    A 384    ASN       matches     A  32    ASN  
    A 385    GLU       matches     A 433    GLU  
  TRANSFORM    0.6438 -0.3295  0.6906 -0.1557 -0.9401 -0.3034  0.7492  0.0878 -0.6565   -11.636   -11.997    -1.622  
 
 Match found in 1qrz_c22     PLASMINOGEN                         
   Pattern 1qrz_c22               Query structure     RMSD=  1.13 A  No. of residues =   3
   ------- -------                --------------- 
    C 603    HIS       matches     A  47    HIS  
    C 646    ASP       matches     A  46    ASP  
    C 739    GLY       matches     A 430    GLY  
  TRANSFORM   -0.8490  0.4499 -0.2771  0.5250  0.6592 -0.5383 -0.0595 -0.6025 -0.7959     9.338   -14.936    -8.932  
 
 Match found in 1be1_c02     GLUTAMATE MUTASE                    
   Pattern 1be1_c02               Query structure     RMSD=  1.13 A  No. of residues =   3
   ------- -------                --------------- 
       14    ASP       matches     A  50    ASP  
       16    HIS       matches     A  47    HIS  
       67    GLY       matches     A 377    GLY  
  TRANSFORM   -0.9428 -0.0912 -0.3205 -0.2075 -0.5920  0.7788 -0.2608  0.8008  0.5392    37.808   -26.765    12.700  
 
 Match found in 1tz3_c02     PUTATIVE SUGAR KINASE               
   Pattern 1tz3_c02               Query structure     RMSD=  1.13 A  No. of residues =   3
   ------- -------                --------------- 
    A 250    ALA       matches     A 429    ALA  
    A 251    GLY       matches     A 430    GLY  
    A 252    ASP       matches     A 424    ASP  
  TRANSFORM    0.6458 -0.3211 -0.6927  0.5136 -0.4885  0.7054 -0.5649 -0.8113 -0.1506   117.058    55.576     5.203  
 
 Match found in 1js4_c01     ENDO-EXOCELLULASE E4                
   Pattern 1js4_c01               Query structure     RMSD=  1.13 A  No. of residues =   3
   ------- -------                --------------- 
    B  55    ASP       matches     A 401    ASP  
    B  58    ASP       matches     A 415    ASP  
    B 424    GLU       matches     A 417    GLU  
  TRANSFORM    0.9034 -0.0522  0.4256 -0.3607 -0.6295  0.6882  0.2320 -0.7753 -0.5875    64.247   -22.187    19.384  
 
 Match found in 2wwt_o02     INTRACELLULAR SUBTILISIN PROTEASE   
   Pattern 2wwt_o02               Query structure     RMSD=  1.13 A  No. of residues =   3
   ------- -------                --------------- 
    C  49    ASP       matches     A 187    ASP  
    C  86    HIS       matches     A 111    HIS  
    C 250    ALA       matches     A 218    ALA  
  TRANSFORM   -0.7081  0.6574 -0.2577 -0.1007  0.2671  0.9584  0.6989  0.7046 -0.1229    34.178    13.815    32.635  
 
 Match found in 1cms_c04     CHYMOSIN B (FORMERLY KNOWN AS RENNIN
   Pattern 1cms_c04               Query structure     RMSD=  1.13 A  No. of residues =   3
   ------- -------                --------------- 
       34    ASP       matches     A  37    ASP  
       37    SER       matches     A  30    SER  
      216    ASP       matches     A  33    ASP  
  TRANSFORM    0.3932 -0.4255  0.8151  0.8719  0.4538 -0.1837 -0.2918  0.7830  0.5494    17.581   -10.653    11.692  
 
 Match found in 2wwt_o00     INTRACELLULAR SUBTILISIN PROTEASE   
   Pattern 2wwt_o00               Query structure     RMSD=  1.13 A  No. of residues =   3
   ------- -------                --------------- 
    A  49    ASP       matches     A 187    ASP  
    A  86    HIS       matches     A 111    HIS  
    A 250    ALA       matches     A 218    ALA  
  TRANSFORM    0.3932 -0.4255  0.8151  0.8719  0.4538 -0.1837 -0.2918  0.7830  0.5494    17.581   -10.653    11.692  
 
 Match found in 2wwt_o00     INTRACELLULAR SUBTILISIN PROTEASE   
   Pattern 2wwt_o00               Query structure     RMSD=  1.13 A  No. of residues =   3
   ------- -------                --------------- 
    A  49    ASP       matches     A 187    ASP  
    A  86    HIS       matches     A 111    HIS  
    A 250    ALA       matches     A 218    ALA  
  TRANSFORM   -0.8900 -0.2626  0.3727  0.3093  0.2528  0.9168 -0.3349  0.9312 -0.1438   140.672    12.334    16.857  
 
 Match found in 1lij_c01     ADENOSINE KINASE                    
   Pattern 1lij_c01               Query structure     RMSD=  1.14 A  No. of residues =   3
   ------- -------                --------------- 
    A 316    ALA       matches     A 437    ALA  
    A 317    GLY       matches     A  34    GLY  
    A 318    ASP       matches     A  29    ASP  
  TRANSFORM    0.0095  0.5346 -0.8450  0.8224  0.4766  0.3107  0.5689 -0.6979 -0.4351    28.428   -24.951   -67.210  
 
 Match found in 1tz3_c03     PUTATIVE SUGAR KINASE               
