******************************************************* user.XUMS **************************************************************
  TRANSFORM   -0.6131  0.6097  0.5024  0.6767  0.7335 -0.0644 -0.4077  0.3005 -0.8622    50.103   135.350    25.511  
 
 Match found in 1pix_c02     GLUTACONYL-COA DECARBOXYLASE A SUBUN
   Pattern 1pix_c02               Query structure     RMSD=  1.22 A  No. of residues =   4
   ------- -------                --------------- 
    A 457    ALA       matches     A 311    ALA  
    A 458    ALA       matches     A 314    ALA  
    B 193    ALA       matches     A 117    ALA  
    B 194    GLY       matches     A 116    GLY  
  TRANSFORM    0.7964 -0.5987 -0.0857 -0.4947 -0.7263  0.4771 -0.3479 -0.3376 -0.8746    58.363    79.648    14.090  
 
 Match found in 1pix_c03     GLUTACONYL-COA DECARBOXYLASE A SUBUN
   Pattern 1pix_c03               Query structure     RMSD=  1.26 A  No. of residues =   4
   ------- -------                --------------- 
    A 193    ALA       matches     A 117    ALA  
    A 194    GLY       matches     A 116    GLY  
    B 457    ALA       matches     A 311    ALA  
    B 458    ALA       matches     A 314    ALA  
  TRANSFORM   -0.5176  0.7895 -0.3298  0.3714 -0.1399 -0.9179 -0.7708 -0.5976 -0.2208   -30.404    46.197    87.142  
 
 Match found in 2z3x_d00     DNA BINDING PROTEIN/DNA             
   Pattern 2z3x_d00               Query structure     RMSD=  0.64 A  No. of residues =   3
   ------- -------                --------------- 
    B  34    SER       matches     A 542    SER  
    B  37    ASN       matches     A 519    ASN  
    B  45    THR       matches     A 610    THR  
  TRANSFORM   -0.4373  0.5905 -0.6783  0.8289  0.5573 -0.0492  0.3490 -0.5837 -0.7332    44.308   -93.776  -127.776  
 
 Match found in 1xny_c01     PROPIONYL-COA CARBOXYLASE COMPLEX B 
   Pattern 1xny_c01               Query structure     RMSD=  0.66 A  No. of residues =   3
   ------- -------                --------------- 
    A 420    ALA       matches     A 368    ALA  
    B 182    GLY       matches     A 192    GLY  
    B 183    GLY       matches     A 116    GLY  
  TRANSFORM   -0.9837 -0.1381 -0.1148 -0.1457  0.9875  0.0606  0.1050  0.0764 -0.9915    21.723   -14.912     6.267  
 
 Match found in 1tz3_c02     PUTATIVE SUGAR KINASE               
   Pattern 1tz3_c02               Query structure     RMSD=  0.75 A  No. of residues =   3
   ------- -------                --------------- 
    A 250    ALA       matches     A 368    ALA  
    A 251    GLY       matches     A 369    GLY  
    A 252    ASP       matches     A 638    ASP  
  TRANSFORM    0.1199 -0.8116 -0.5717  0.0469  0.5799 -0.8134  0.9917  0.0707  0.1076     4.029    18.376   -11.633  
 
 Match found in 1mro_c00     METHYL-COENZYME M REDUCTASE         
   Pattern 1mro_c00               Query structure     RMSD=  0.75 A  No. of residues =   3
   ------- -------                --------------- 
    A 465    GLY       matches     A 158    GLY  
    A 501    ASP       matches     A  97    ASP  
    B 367    TYR       matches     A 427    TYR  
  TRANSFORM   -0.5193 -0.3949 -0.7579 -0.7198  0.6802  0.1388  0.4607  0.6176 -0.6374     0.330    25.612     0.182  
 
 Match found in 2tdt_c00     TETRAHYDRODIPICOLINATE N-SUCCINYLTRA
   Pattern 2tdt_c00               Query structure     RMSD=  0.77 A  No. of residues =   3
   ------- -------                --------------- 
      141    ASP       matches     A 259    ASP  
      166    GLY       matches     A 204    GLY  
      169    GLU       matches     A 206    GLU  
  TRANSFORM   -0.2920  0.4535 -0.8421  0.9017  0.4241 -0.0844  0.3188 -0.7839 -0.5327   151.760    25.431     0.594  
 
 Match found in 1lij_c01     ADENOSINE KINASE                    
   Pattern 1lij_c01               Query structure     RMSD=  0.77 A  No. of residues =   3
   ------- -------                --------------- 
    A 316    ALA       matches     A 368    ALA  
    A 317    GLY       matches     A 369    GLY  
    A 318    ASP       matches     A 638    ASP  
  TRANSFORM   -0.0722 -0.9963 -0.0459  0.9699 -0.0594 -0.2363  0.2327 -0.0616  0.9706    13.533   -14.866   -56.314  
 
 Match found in 1tz3_c03     PUTATIVE SUGAR KINASE               
   Pattern 1tz3_c03               Query structure     RMSD=  0.79 A  No. of residues =   3
   ------- -------                --------------- 
    B 250    ALA       matches     A 368    ALA  
    B 251    GLY       matches     A 369    GLY  
    B 252    ASP       matches     A 638    ASP  
  TRANSFORM    0.0825 -0.9565  0.2800 -0.1483  0.2660  0.9525 -0.9855 -0.1201 -0.1199    27.414    64.862   -54.339  
 
 Match found in 1mro_c01     METHYL-COENZYME M REDUCTASE         
   Pattern 1mro_c01               Query structure     RMSD=  0.82 A  No. of residues =   3
   ------- -------                --------------- 
    D 465    GLY       matches     A 158    GLY  
    D 501    ASP       matches     A  97    ASP  
    E 367    TYR       matches     A 427    TYR  
  TRANSFORM    0.8914 -0.2053  0.4041 -0.1930  0.6348  0.7482 -0.4101 -0.7449  0.5262    28.091    16.965    32.071  
 
 Match found in 1lio_c01     ADENOSINE KINASE                    
   Pattern 1lio_c01               Query structure     RMSD=  0.83 A  No. of residues =   3
   ------- -------                --------------- 
    A 316    ALA       matches     A 368    ALA  
    A 317    GLY       matches     A 369    GLY  
    A 318    ASP       matches     A 638    ASP  
  TRANSFORM    0.4162  0.6457  0.6401  0.1511 -0.7433  0.6516  0.8966 -0.1745 -0.4069    47.370    31.209     2.758  
 
 Match found in 1uok_c05     OLIGO-1,6-GLUCOSIDASE               
   Pattern 1uok_c05               Query structure     RMSD=  0.84 A  No. of residues =   3
   ------- -------                --------------- 
      199    ASP       matches     A 202    ASP  
      242    GLU       matches     A 148    GLU  
      329    ASP       matches     A 208    ASP  
  TRANSFORM    0.4248 -0.7095  0.5622  0.8401  0.0777 -0.5368  0.3372  0.7004  0.6291   -16.096    29.341    64.276  
 
 Match found in 2z3x_d00     DNA BINDING PROTEIN/DNA             
   Pattern 2z3x_d00               Query structure     RMSD=  0.85 A  No. of residues =   3
   ------- -------                --------------- 
    B  34    SER       matches     A 513    SER  
    B  37    ASN       matches     A 411    ASN  
    B  45    THR       matches     A 172    THR  
  TRANSFORM    0.4881  0.1791  0.8542  0.6541  0.5730 -0.4939 -0.5779  0.7998  0.1626    41.708   -92.333  -122.847  
 
 Match found in 1xny_c01     PROPIONYL-COA CARBOXYLASE COMPLEX B 
   Pattern 1xny_c01               Query structure     RMSD=  0.90 A  No. of residues =   3
   ------- -------                --------------- 
    A 420    ALA       matches     A 314    ALA  
    B 182    GLY       matches     A 116    GLY  
    B 183    GLY       matches     A 191    GLY  
  TRANSFORM    0.3252  0.3431  0.8812 -0.7621 -0.4566  0.4591  0.5599 -0.8208  0.1130     7.661    15.453    -8.639  
 
 Match found in 2tdt_c00     TETRAHYDRODIPICOLINATE N-SUCCINYLTRA
   Pattern 2tdt_c00               Query structure     RMSD=  0.90 A  No. of residues =   3
   ------- -------                --------------- 
      141    ASP       matches     A 202    ASP  
      166    GLY       matches     A 306    GLY  
      169    GLU       matches     A 435    GLU  
  TRANSFORM    0.5606 -0.2323  0.7949 -0.1881 -0.9705 -0.1510  0.8065 -0.0648 -0.5877    21.915   -74.988  -120.544  
 
 Match found in 1xny_c00     PROPIONYL-COA CARBOXYLASE COMPLEX B 
   Pattern 1xny_c00               Query structure     RMSD=  0.90 A  No. of residues =   3
   ------- -------                --------------- 
    A 183    GLY       matches     A 114    GLY  
    B 419    GLY       matches     A 116    GLY  
    B 420    ALA       matches     A 117    ALA  
  TRANSFORM    0.8207 -0.3965  0.4113  0.5708  0.5988 -0.5618 -0.0235  0.6958  0.7178    33.750   -53.592  -124.035  
 
 Match found in 1xny_c00     PROPIONYL-COA CARBOXYLASE COMPLEX B 
   Pattern 1xny_c00               Query structure     RMSD=  0.91 A  No. of residues =   3
   ------- -------                --------------- 
    A 183    GLY       matches     A 141    GLY  
    B 419    GLY       matches     A 140    GLY  
    B 420    ALA       matches     A 139    ALA  
  TRANSFORM    0.1569 -0.4378  0.8853 -0.9465 -0.3226  0.0083  0.2819 -0.8392 -0.4650    30.526  -108.828  -131.151  
 
 Match found in 1xny_c01     PROPIONYL-COA CARBOXYLASE COMPLEX B 
   Pattern 1xny_c01               Query structure     RMSD=  0.92 A  No. of residues =   3
   ------- -------                --------------- 
    A 420    ALA       matches     A 368    ALA  
    B 182    GLY       matches     A 119    GLY  
    B 183    GLY       matches     A 116    GLY  
  TRANSFORM   -0.4258 -0.5346  0.7300 -0.8996  0.3364 -0.2784 -0.0967 -0.7752 -0.6242    16.593   -67.437  -134.293  
 
 Match found in 1xny_c00     PROPIONYL-COA CARBOXYLASE COMPLEX B 
   Pattern 1xny_c00               Query structure     RMSD=  0.97 A  No. of residues =   3
   ------- -------                --------------- 
    A 183    GLY       matches     A 116    GLY  
    B 419    GLY       matches     A 191    GLY  
    B 420    ALA       matches     A 312    ALA  
  TRANSFORM    0.5219  0.3297 -0.7867 -0.3928  0.9116  0.1215  0.7572  0.2456  0.6052    33.315   -60.977  -124.247  
 
 Match found in 1xny_c00     PROPIONYL-COA CARBOXYLASE COMPLEX B 
   Pattern 1xny_c00               Query structure     RMSD=  1.01 A  No. of residues =   3
   ------- -------                --------------- 
    A 183    GLY       matches     A 191    GLY  
    B 419    GLY       matches     A 116    GLY  
    B 420    ALA       matches     A 117    ALA  
  TRANSFORM    0.7111 -0.6054 -0.3575  0.4155 -0.0483  0.9083 -0.5671 -0.7945  0.2172    22.682    29.231   -44.018  
 
 Match found in 1mro_c00     METHYL-COENZYME M REDUCTASE         
   Pattern 1mro_c00               Query structure     RMSD=  1.01 A  No. of residues =   3
   ------- -------                --------------- 
    A 465    GLY       matches     A 353    GLY  
    A 501    ASP       matches     A  46    ASP  
    B 367    TYR       matches     A 323    TYR  
  TRANSFORM   -0.0857  0.9606 -0.2643 -0.2791 -0.2778 -0.9192 -0.9564 -0.0050  0.2919    -7.350    33.307   113.280  
 
 Match found in 1ct9_c07     ASPARAGINE SYNTHETASE B             
   Pattern 1ct9_c07               Query structure     RMSD=  1.01 A  No. of residues =   3
   ------- -------                --------------- 
    D   1    ALA       matches     A 195    ALA  
    D  74    ASN       matches     A 310    ASN  
    D  75    GLY       matches     A 191    GLY  
  TRANSFORM    0.3014 -0.8028  0.5145  0.6730  0.5613  0.4816 -0.6754  0.2011  0.7095    34.625    52.185   -29.525  
 
 Match found in 1mro_c01     METHYL-COENZYME M REDUCTASE         
   Pattern 1mro_c01               Query structure     RMSD=  1.02 A  No. of residues =   3
   ------- -------                --------------- 
    D 465    GLY       matches     A 414    GLY  
    D 501    ASP       matches     A 208    ASP  
    E 367    TYR       matches     A 427    TYR  
  TRANSFORM   -0.0970 -0.9092  0.4049 -0.9931  0.0615 -0.0997  0.0657 -0.4118 -0.9089    31.764  -106.909  -128.754  
 
 Match found in 1xny_c01     PROPIONYL-COA CARBOXYLASE COMPLEX B 
   Pattern 1xny_c01               Query structure     RMSD=  1.02 A  No. of residues =   3
   ------- -------                --------------- 
    A 420    ALA       matches     A 368    ALA  
    B 182    GLY       matches     A 191    GLY  
    B 183    GLY       matches     A 192    GLY  
  TRANSFORM   -0.3675 -0.9299 -0.0188 -0.6445  0.2692 -0.7157  0.6705 -0.2509 -0.6982    19.597    20.262   -35.767  
 
 Match found in 1mro_c00     METHYL-COENZYME M REDUCTASE         
   Pattern 1mro_c00               Query structure     RMSD=  1.02 A  No. of residues =   3
   ------- -------                --------------- 
    A 465    GLY       matches     A 414    GLY  
    A 501    ASP       matches     A 208    ASP  
    B 367    TYR       matches     A 427    TYR  
  TRANSFORM   -0.4321  0.8561 -0.2836  0.8848  0.4632  0.0502  0.1743 -0.2292 -0.9576    41.396   -94.528  -126.426  
 
 Match found in 1xny_c01     PROPIONYL-COA CARBOXYLASE COMPLEX B 
   Pattern 1xny_c01               Query structure     RMSD=  1.03 A  No. of residues =   3
   ------- -------                --------------- 
    A 420    ALA       matches     A 368    ALA  
    B 182    GLY       matches     A 187    GLY  
    B 183    GLY       matches     A 192    GLY  
  TRANSFORM    0.5969  0.6919 -0.4061 -0.2773  0.6529  0.7049  0.7528 -0.3081  0.5816    34.765   -65.492  -128.717  
 
 Match found in 1xny_c00     PROPIONYL-COA CARBOXYLASE COMPLEX B 
   Pattern 1xny_c00               Query structure     RMSD=  1.03 A  No. of residues =   3
   ------- -------                --------------- 
    A 183    GLY       matches     A 192    GLY  
    B 419    GLY       matches     A 116    GLY  
    B 420    ALA       matches     A 117    ALA  
  TRANSFORM    0.3074  0.7837 -0.5398 -0.1585 -0.5172 -0.8411 -0.9383  0.3441 -0.0348    49.565   -10.478     2.465  
 
 Match found in 1q6l_c05     3-KETO-L-GULONATE 6-PHOSPHATE DECARB
   Pattern 1q6l_c05               Query structure     RMSD=  1.04 A  No. of residues =   3
   ------- -------                --------------- 
    A  67    ASP       matches     A  47    ASP  
    A  68    ALA       matches     A  49    ALA  
    A  72    LEU       matches     A  50    LEU  
  TRANSFORM   -0.6482  0.4815 -0.5899 -0.7338 -0.6019  0.3151 -0.2034  0.6371  0.7435    13.642     8.270    44.825  
 
 Match found in 1ct9_c06     ASPARAGINE SYNTHETASE B             
   Pattern 1ct9_c06               Query structure     RMSD=  1.05 A  No. of residues =   3
   ------- -------                --------------- 
    C   1    ALA       matches     A 195    ALA  
    C  74    ASN       matches     A 310    ASN  
    C  75    GLY       matches     A 191    GLY  
  TRANSFORM    0.6981  0.2863 -0.6563  0.3339 -0.9410 -0.0553 -0.6334 -0.1806 -0.7525    65.282    -1.324     7.178  
 
 Match found in 1q6l_c05     3-KETO-L-GULONATE 6-PHOSPHATE DECARB
   Pattern 1q6l_c05               Query structure     RMSD=  1.05 A  No. of residues =   3
   ------- -------                --------------- 
    A  67    ASP       matches     A  97    ASP  
    A  68    ALA       matches     A 329    ALA  
    A  72    LEU       matches     A 190    LEU  
  TRANSFORM    0.5693  0.4480  0.6893  0.8096 -0.4512 -0.3755  0.1428  0.7719 -0.6196    23.988    73.729    25.605  
 
 Match found in 1bd3_c00     URACIL PHOSPHORIBOSYLTRANSFERASE    
   Pattern 1bd3_c00               Query structure     RMSD=  1.06 A  No. of residues =   3
   ------- -------                --------------- 
    A 137    ARG       matches     A 265    ARG  
    A 141    THR       matches     A 441    THR  
    A 235    ASP       matches     A 506    ASP  
  TRANSFORM    0.1746 -0.9012 -0.3967  0.9133 -0.0023  0.4072 -0.3679 -0.4334  0.8227   141.703     5.682    -2.128  
 
 Match found in 1lij_c01     ADENOSINE KINASE                    
   Pattern 1lij_c01               Query structure     RMSD=  1.06 A  No. of residues =   3
   ------- -------                --------------- 
    A 316    ALA       matches     A 648    ALA  
    A 317    GLY       matches     A 204    GLY  
    A 318    ASP       matches     A 208    ASP  
  TRANSFORM    0.0967 -0.3766 -0.9213 -0.7995  0.5220 -0.2973  0.5928  0.7653 -0.2506    29.209    44.370   -21.301  
 
 Match found in 1mro_c01     METHYL-COENZYME M REDUCTASE         
   Pattern 1mro_c01               Query structure     RMSD=  1.07 A  No. of residues =   3
   ------- -------                --------------- 
    D 465    GLY       matches     A 353    GLY  
    D 501    ASP       matches     A  46    ASP  
    E 367    TYR       matches     A 323    TYR  
  TRANSFORM   -0.0335  0.9482  0.3160  0.0184 -0.3156  0.9487  0.9993  0.0376 -0.0068   -52.474   -12.366    22.907  
 
 Match found in 1qrz_c15     PLASMINOGEN                         
   Pattern 1qrz_c15               Query structure     RMSD=  1.07 A  No. of residues =   3
   ------- -------                --------------- 
    D 603    HIS       matches     A 293    HIS  
    D 646    ASP       matches     A 457    ASP  
    D 741    SER       matches     A 207    SER  
  TRANSFORM   -0.7437 -0.2248 -0.6296  0.6516 -0.0335 -0.7578  0.1492 -0.9738  0.1714    37.348   -22.651    -7.643  
 
 Match found in 1tz3_c02     PUTATIVE SUGAR KINASE               
   Pattern 1tz3_c02               Query structure     RMSD=  1.07 A  No. of residues =   3
   ------- -------                --------------- 
    A 250    ALA       matches     A 648    ALA  
    A 251    GLY       matches     A 204    GLY  
    A 252    ASP       matches     A 208    ASP  
  TRANSFORM    0.1880 -0.1853  0.9645  0.0856  0.9814  0.1718 -0.9784  0.0502  0.2004    43.822    24.306    24.106  
 
 Match found in 1ct9_c05     ASPARAGINE SYNTHETASE B             
   Pattern 1ct9_c05               Query structure     RMSD=  1.08 A  No. of residues =   3
   ------- -------                --------------- 
    B   1    ALA       matches     A 195    ALA  
    B  74    ASN       matches     A 310    ASN  
    B  75    GLY       matches     A 191    GLY  
  TRANSFORM   -0.8008  0.0209  0.5986  0.5933 -0.1099  0.7975  0.0824  0.9937  0.0756    24.957   -32.178   -48.109  
 
 Match found in 1tz3_c03     PUTATIVE SUGAR KINASE               
   Pattern 1tz3_c03               Query structure     RMSD=  1.08 A  No. of residues =   3
   ------- -------                --------------- 
    B 250    ALA       matches     A 648    ALA  
    B 251    GLY       matches     A 204    GLY  
    B 252    ASP       matches     A 208    ASP  
  TRANSFORM   -0.7496 -0.5888 -0.3024 -0.1270 -0.3205  0.9387 -0.6496  0.7421  0.1654    51.297    63.324    23.350  
 
 Match found in 1uok_c05     OLIGO-1,6-GLUCOSIDASE               
   Pattern 1uok_c05               Query structure     RMSD=  1.09 A  No. of residues =   3
   ------- -------                --------------- 
      199    ASP       matches     A 506    ASP  
      242    GLU       matches     A 565    GLU  
      329    ASP       matches     A 476    ASP  
  TRANSFORM   -0.8745  0.4262 -0.2317 -0.4847 -0.7880  0.3797 -0.0208  0.4443  0.8956    40.955  -115.376  -130.971  
 
 Match found in 1xny_c01     PROPIONYL-COA CARBOXYLASE COMPLEX B 
   Pattern 1xny_c01               Query structure     RMSD=  1.09 A  No. of residues =   3
   ------- -------                --------------- 
    A 420    ALA       matches     A 312    ALA  
    B 182    GLY       matches     A 114    GLY  
    B 183    GLY       matches     A 119    GLY  
  TRANSFORM    0.5518  0.8200  0.1520 -0.2491  0.3361 -0.9083 -0.7959  0.4633  0.3897     2.013    32.056   -12.109  
 
 Match found in 2tdt_c00     TETRAHYDRODIPICOLINATE N-SUCCINYLTRA
   Pattern 2tdt_c00               Query structure     RMSD=  1.09 A  No. of residues =   3
   ------- -------                --------------- 
      141    ASP       matches     A 630    ASP  
      166    GLY       matches     A 345    GLY  
      169    GLU       matches     A 107    GLU  
  TRANSFORM   -0.9209 -0.3709  0.1196  0.0414  0.2119  0.9764 -0.3875  0.9042 -0.1798    55.754   -94.571  -153.858  
 
 Match found in 1xny_c01     PROPIONYL-COA CARBOXYLASE COMPLEX B 
   Pattern 1xny_c01               Query structure     RMSD=  1.10 A  No. of residues =   3
   ------- -------                --------------- 
    A 420    ALA       matches     A 596    ALA  
    B 182    GLY       matches     A 581    GLY  
    B 183    GLY       matches     A 582    GLY  
  TRANSFORM   -0.3953 -0.6720  0.6262  0.8897 -0.1105  0.4431 -0.2285  0.7323  0.6415    -5.793    68.671   131.068  
 
 Match found in 1ct9_c04     ASPARAGINE SYNTHETASE B             
   Pattern 1ct9_c04               Query structure     RMSD=  1.10 A  No. of residues =   3
   ------- -------                --------------- 
    A   1    ALA       matches     A 195    ALA  
    A  74    ASN       matches     A 310    ASN  
    A  75    GLY       matches     A 191    GLY  
  TRANSFORM    0.2623  0.9598  0.1000  0.5562 -0.0657 -0.8285 -0.7886  0.2729 -0.5510    46.283   -98.506  -130.865  
 
 Match found in 1xny_c01     PROPIONYL-COA CARBOXYLASE COMPLEX B 
   Pattern 1xny_c01               Query structure     RMSD=  1.10 A  No. of residues =   3
   ------- -------                --------------- 
    A 420    ALA       matches     A 117    ALA  
    B 182    GLY       matches     A 187    GLY  
    B 183    GLY       matches     A 192    GLY  
  TRANSFORM   -0.9564  0.2773  0.0917 -0.0080  0.2891 -0.9573 -0.2920 -0.9163 -0.2742   -25.707     6.197     3.548  
 
 Match found in 1qrz_c13     PLASMINOGEN                         
   Pattern 1qrz_c13               Query structure     RMSD=  1.10 A  No. of residues =   3
   ------- -------                --------------- 
    B 603    HIS       matches     A 293    HIS  
    B 646    ASP       matches     A 457    ASP  
    B 741    SER       matches     A 207    SER  
  TRANSFORM   -0.9584  0.2553  0.1276 -0.0611  0.2531 -0.9655 -0.2788 -0.9331 -0.2270     1.790     7.487    41.378  
 
 Match found in 1qrz_c12     PLASMINOGEN                         
   Pattern 1qrz_c12               Query structure     RMSD=  1.11 A  No. of residues =   3
   ------- -------                --------------- 
    A 603    HIS       matches     A 293    HIS  
    A 646    ASP       matches     A 457    ASP  
    A 741    SER       matches     A 207    SER  
  TRANSFORM   -0.5709 -0.4591 -0.6807 -0.8083  0.4598  0.3678  0.1441  0.7602 -0.6335   -23.781    87.283    25.271  
 
 Match found in 1bd3_c02     URACIL PHOSPHORIBOSYLTRANSFERASE    
   Pattern 1bd3_c02               Query structure     RMSD=  1.11 A  No. of residues =   3
   ------- -------                --------------- 
    C 137    ARG       matches     A 265    ARG  
    C 141    THR       matches     A 441    THR  
    C 235    ASP       matches     A 506    ASP  
  TRANSFORM    0.4693  0.5651  0.6786 -0.7902 -0.0743  0.6083  0.3941 -0.8217  0.4117    17.514    54.861    28.776  
 
 Match found in 1cqt_d00     GENE REGULATION/DNA                 
   Pattern 1cqt_d00               Query structure     RMSD=  1.11 A  No. of residues =   3
   ------- -------                --------------- 
    I 303    TYR       matches     A 592    TYR  
    I 306    VAL       matches     A 587    VAL  
    I 308    VAL       matches     A 575    VAL  
  TRANSFORM    0.6600  0.4360  0.6118 -0.5384 -0.2934  0.7900  0.5239 -0.8508  0.0411    32.159   -73.084  -132.986  
 
 Match found in 1xny_c00     PROPIONYL-COA CARBOXYLASE COMPLEX B 
   Pattern 1xny_c00               Query structure     RMSD=  1.11 A  No. of residues =   3
   ------- -------                --------------- 
    A 183    GLY       matches     A 192    GLY  
    B 419    GLY       matches     A 191    GLY  
    B 420    ALA       matches     A 311    ALA  
  TRANSFORM   -0.7897  0.1385 -0.5976  0.4726  0.7585 -0.4488  0.3911 -0.6368 -0.6644    39.450   -91.685  -128.897  
 
 Match found in 1xny_c01     PROPIONYL-COA CARBOXYLASE COMPLEX B 
   Pattern 1xny_c01               Query structure     RMSD=  1.12 A  No. of residues =   3
   ------- -------                --------------- 
    A 420    ALA       matches     A 368    ALA  
    B 182    GLY       matches     A 191    GLY  
    B 183    GLY       matches     A 116    GLY  
  TRANSFORM   -0.0377  0.9679  0.2485  0.0180 -0.2480  0.9686  0.9991  0.0410 -0.0081     1.918   -12.739   -15.302  
 
 Match found in 1qrz_c14     PLASMINOGEN                         
   Pattern 1qrz_c14               Query structure     RMSD=  1.12 A  No. of residues =   3
   ------- -------                --------------- 
    C 603    HIS       matches     A 293    HIS  
    C 646    ASP       matches     A 457    ASP  
    C 741    SER       matches     A 207    SER  
  TRANSFORM    0.1355  0.9783 -0.1568  0.4766  0.0744  0.8760  0.8686 -0.1934 -0.4562    36.369   -71.089  -121.940  
 
 Match found in 1xny_c00     PROPIONYL-COA CARBOXYLASE COMPLEX B 
   Pattern 1xny_c00               Query structure     RMSD=  1.13 A  No. of residues =   3
   ------- -------                --------------- 
    A 183    GLY       matches     A 114    GLY  
    B 419    GLY       matches     A 119    GLY  
    B 420    ALA       matches     A 117    ALA  
  TRANSFORM    0.7159  0.5222 -0.4634 -0.4859 -0.1039 -0.8678 -0.5014  0.8464  0.1793    38.321   -63.106  -125.743  
 
 Match found in 1xny_c00     PROPIONYL-COA CARBOXYLASE COMPLEX B 
   Pattern 1xny_c00               Query structure     RMSD=  1.13 A  No. of residues =   3
   ------- -------                --------------- 
    A 183    GLY       matches     A 119    GLY  
    B 419    GLY       matches     A 114    GLY  
    B 420    ALA       matches     A 368    ALA  
  TRANSFORM   -0.6030  0.6496 -0.4630 -0.7808 -0.3616  0.5095  0.1635  0.6688  0.7253     0.411     2.091     4.890  
 
 Match found in 2tdt_c00     TETRAHYDRODIPICOLINATE N-SUCCINYLTRA
   Pattern 2tdt_c00               Query structure     RMSD=  1.15 A  No. of residues =   3
   ------- -------                --------------- 
      141    ASP       matches     A 162    ASP  
      166    GLY       matches     A 119    GLY  
      169    GLU       matches     A 659    GLU  
  TRANSFORM   -0.0681 -0.5952 -0.8007 -0.6780  0.6164 -0.4004  0.7319  0.5156 -0.4455    56.475    47.910     6.003  
 
 Match found in 1uok_c05     OLIGO-1,6-GLUCOSIDASE               
   Pattern 1uok_c05               Query structure     RMSD=  1.15 A  No. of residues =   3
   ------- -------                --------------- 
      199    ASP       matches     A 208    ASP  
      242    GLU       matches     A 616    GLU  
      329    ASP       matches     A 202    ASP  
  TRANSFORM   -0.7039 -0.1234  0.6995 -0.7041 -0.0078 -0.7100  0.0930 -0.9923 -0.0814    20.424   -70.332  -136.488  
 
 Match found in 1xny_c00     PROPIONYL-COA CARBOXYLASE COMPLEX B 
   Pattern 1xny_c00               Query structure     RMSD=  1.16 A  No. of residues =   3
   ------- -------                --------------- 
    A 183    GLY       matches     A 192    GLY  
    B 419    GLY       matches     A 191    GLY  
    B 420    ALA       matches     A 312    ALA  
  TRANSFORM    0.4551 -0.6032 -0.6550  0.2797  0.7952 -0.5380  0.8454  0.0617  0.5306     0.117   -15.304    -0.744  
 
 Match found in 1qrz_c22     PLASMINOGEN                         
   Pattern 1qrz_c22               Query structure     RMSD=  1.16 A  No. of residues =   3
   ------- -------                --------------- 
    C 603    HIS       matches     A 409    HIS  
    C 646    ASP       matches     A 202    ASP  
    C 739    GLY       matches     A 511    GLY  
  TRANSFORM    0.3497  0.5524 -0.7567  0.2533 -0.8334 -0.4913 -0.9020 -0.0198 -0.4313    51.796  -105.688  -128.315  
 
 Match found in 1xny_c01     PROPIONYL-COA CARBOXYLASE COMPLEX B 
   Pattern 1xny_c01               Query structure     RMSD=  1.16 A  No. of residues =   3
   ------- -------                --------------- 
    A 420    ALA       matches     A 658    ALA  
    B 182    GLY       matches     A 116    GLY  
    B 183    GLY       matches     A 119    GLY  
  TRANSFORM    0.0621  0.7726 -0.6318 -0.9324 -0.1809 -0.3128 -0.3560  0.6085  0.7092    36.204   -71.978  -130.999  
 
 Match found in 1xny_c00     PROPIONYL-COA CARBOXYLASE COMPLEX B 
   Pattern 1xny_c00               Query structure     RMSD=  1.17 A  No. of residues =   3
   ------- -------                --------------- 
    A 183    GLY       matches     A 116    GLY  
    B 419    GLY       matches     A 114    GLY  
    B 420    ALA       matches     A 368    ALA  
  TRANSFORM    0.7002 -0.1530  0.6974  0.2836 -0.8368 -0.4683  0.6553  0.5257 -0.5425   133.758    19.059    25.710  
 
 Match found in 2isd_c00     PHOSPHOINOSITIDE-SPECIFIC PHOSPHOLIP
   Pattern 2isd_c00               Query structure     RMSD=  1.17 A  No. of residues =   3
   ------- -------                --------------- 
    A 311    HIS       matches     A  79    HIS  
    A 341    GLU       matches     A 148    GLU  
    A 356    HIS       matches     A 440    HIS  
  TRANSFORM   -0.6132 -0.3966 -0.6831  0.7370 -0.5983 -0.3143 -0.2841 -0.6962  0.6592   -25.382    74.066   113.797  
 
 Match found in 1bd3_c01     URACIL PHOSPHORIBOSYLTRANSFERASE    
   Pattern 1bd3_c01               Query structure     RMSD=  1.17 A  No. of residues =   3
   ------- -------                --------------- 
    D 137    ARG       matches     A 265    ARG  
    D 141    THR       matches     A 441    THR  
    D 235    ASP       matches     A 506    ASP  
  TRANSFORM   -0.0337 -0.5959  0.8024  0.3094 -0.7696 -0.5586  0.9503  0.2294  0.2103    78.314    20.339   -11.313  
 
 Match found in 2isd_c01     PHOSPHOINOSITIDE-SPECIFIC PHOSPHOLIP
   Pattern 2isd_c01               Query structure     RMSD=  1.18 A  No. of residues =   3
   ------- -------                --------------- 
    B 311    HIS       matches     A  79    HIS  
    B 341    GLU       matches     A 148    GLU  
    B 356    HIS       matches     A 440    HIS  
  TRANSFORM    0.6152  0.6254 -0.4800  0.7831 -0.5551  0.2804 -0.0911 -0.5484 -0.8312    51.921    33.560    61.400  
 
 Match found in 1bvz_c08     ALPHA-AMYLASE II                    
   Pattern 1bvz_c08               Query structure     RMSD=  1.19 A  No. of residues =   3
   ------- -------                --------------- 
    A 325    ASP       matches     A 128    ASP  
    A 354    GLU       matches     A 129    GLU  
    A 421    ASP       matches     A 673    ASP  
  TRANSFORM   -0.6683 -0.2718 -0.6924 -0.2304 -0.8094  0.5402 -0.7073  0.5206  0.4783   -39.831     8.574     0.482  
 
 Match found in 1qrz_c21     PLASMINOGEN                         
   Pattern 1qrz_c21               Query structure     RMSD=  1.19 A  No. of residues =   3
   ------- -------                --------------- 
    B 603    HIS       matches     A 409    HIS  
    B 646    ASP       matches     A 202    ASP  
    B 739    GLY       matches     A 511    GLY  
  TRANSFORM    0.3479  0.0875 -0.9335  0.2687  0.9446  0.1886  0.8982 -0.3164  0.3051    49.372   -94.192  -126.325  
 
 Match found in 1xny_c01     PROPIONYL-COA CARBOXYLASE COMPLEX B 
   Pattern 1xny_c01               Query structure     RMSD=  1.19 A  No. of residues =   3
   ------- -------                --------------- 
    A 420    ALA       matches     A 139    ALA  
    B 182    GLY       matches     A 116    GLY  
    B 183    GLY       matches     A 114    GLY  
  TRANSFORM   -0.6656 -0.2216 -0.7126 -0.3000 -0.7949  0.5274 -0.6833  0.5648  0.4626   -12.439     9.267    38.311  
 
 Match found in 1qrz_c20     PLASMINOGEN                         
   Pattern 1qrz_c20               Query structure     RMSD=  1.19 A  No. of residues =   3
   ------- -------                --------------- 
    A 603    HIS       matches     A 409    HIS  
    A 646    ASP       matches     A 202    ASP  
    A 739    GLY       matches     A 511    GLY  
  TRANSFORM    0.7111 -0.5662  0.4169 -0.6917 -0.4567  0.5595 -0.1264 -0.6862 -0.7164    40.880    56.385   126.174  
 
 Match found in 1knp_c00     L-ASPARTATE OXIDASE                 
   Pattern 1knp_c00               Query structure     RMSD=  1.20 A  No. of residues =   3
   ------- -------                --------------- 
    A 290    ARG       matches     A 203    ARG  
    A 351    HIS       matches     A 250    HIS  
    A 386    LEU       matches     A 226    LEU  
  TRANSFORM    0.0957  0.9902 -0.1014 -0.4255 -0.0514 -0.9035 -0.8999  0.1296  0.4164    26.376    85.385    32.459  
 
 Match found in 1amy_c01     ALPHA-1,4 GLYCAN-4-GLUCANOHYDROLASE 
   Pattern 1amy_c01               Query structure     RMSD=  1.20 A  No. of residues =   3
   ------- -------                --------------- 
      179    ASP       matches     A 673    ASP  
      214    ASP       matches     A 630    ASP  
      289    ASP       matches     A 663    ASP  
  TRANSFORM    0.9751 -0.1409 -0.1710 -0.0887  0.4590 -0.8840  0.2030  0.8772  0.4351  -140.413    54.417    58.773  
 
 Match found in 2esd_c03    	 1.02.01.0009                       
   Pattern 2esd_c03               Query structure     RMSD=  1.20 A  No. of residues =   3
   ------- -------                --------------- 
    D 154    ASN       matches     A 197    ASN  
    D 250    ALA       matches     A 311    ALA  
    D 284    CYH       matches     A 651    CYH  
  TRANSFORM    0.4648 -0.8471 -0.2578 -0.5751 -0.0674 -0.8153  0.6732  0.5272 -0.5185    48.851   -37.226   -48.727  
 
 Match found in 1d6o_c01     FK506-BINDING PROTEIN               
   Pattern 1d6o_c01               Query structure     RMSD=  1.20 A  No. of residues =   3
   ------- -------                --------------- 
    B  37    ASP       matches     A 476    ASP  
    B  56    ILE       matches     A 269    ILE  
    B  82    TYR       matches     A 472    TYR  
  TRANSFORM   -0.0874  0.7837  0.6149 -0.9715  0.0695 -0.2266 -0.2203 -0.6172  0.7554    30.253    99.650    39.449  
 
 Match found in 1bd3_c00     URACIL PHOSPHORIBOSYLTRANSFERASE    
   Pattern 1bd3_c00               Query structure     RMSD=  1.20 A  No. of residues =   3
   ------- -------                --------------- 
    A 137    ARG       matches     A 262    ARG  
    A 141    THR       matches     A 264    THR  
    A 235    ASP       matches     A 234    ASP  
  TRANSFORM    0.7857 -0.5828 -0.2074 -0.3275 -0.6764  0.6598 -0.5248 -0.4505 -0.7223    16.799    78.248    12.437  
 
 Match found in 2amg_c02     1,4-ALPHA-D-GLUCAN MALTOTETRAHYDROLA
   Pattern 2amg_c02               Query structure     RMSD=  1.21 A  No. of residues =   3
   ------- -------                --------------- 
      193    ASP       matches     A 128    ASP  
      219    GLU       matches     A 129    GLU  
      294    ASP       matches     A 673    ASP  
  TRANSFORM    0.5133  0.4651 -0.7213  0.7885 -0.5874  0.1824 -0.3389 -0.6624 -0.6682    -1.010    69.480    99.804  
 
 Match found in 2v3r_p00     EXOGLUCANASE 1                      
   Pattern 2v3r_p00               Query structure     RMSD=  1.21 A  No. of residues =   3
   ------- -------                --------------- 
    A 270    ASN       matches     A 502    ASN  
    A 384    ASN       matches     A 179    ASN  
    A 385    GLU       matches     A 178    GLU  
  TRANSFORM   -0.4047  0.0252 -0.9141 -0.4825 -0.8550  0.1900 -0.7768  0.5180  0.3582   -15.904    11.971    39.145  
 
 Match found in 1qrz_c12     PLASMINOGEN                         
   Pattern 1qrz_c12               Query structure     RMSD=  1.21 A  No. of residues =   3
   ------- -------                --------------- 
    A 603    HIS       matches     A 409    HIS  
    A 646    ASP       matches     A 202    ASP  
    A 741    SER       matches     A 513    SER  
  TRANSFORM    0.4553 -0.5634 -0.6895  0.2314  0.8226 -0.5194  0.8598  0.0769  0.5048   -54.163   -14.629    37.241  
 
 Match found in 1qrz_c23     PLASMINOGEN                         
   Pattern 1qrz_c23               Query structure     RMSD=  1.21 A  No. of residues =   3
   ------- -------                --------------- 
    D 603    HIS       matches     A 409    HIS  
    D 646    ASP       matches     A 202    ASP  
    D 739    GLY       matches     A 511    GLY  
  TRANSFORM    0.6088 -0.4862 -0.6268  0.4578  0.8606 -0.2229  0.6479 -0.1512  0.7466    -1.545   -17.977     2.002  
 
 Match found in 1qrz_c14     PLASMINOGEN                         
   Pattern 1qrz_c14               Query structure     RMSD=  1.22 A  No. of residues =   3
   ------- -------                --------------- 
    C 603    HIS       matches     A 409    HIS  
    C 646    ASP       matches     A 202    ASP  
    C 741    SER       matches     A 513    SER  
  TRANSFORM    0.4579 -0.8507 -0.2581 -0.5575 -0.0487 -0.8287  0.6924  0.5234 -0.4966    46.010   -21.251   -20.647  
 
 Match found in 1d6o_c00     FK506-BINDING PROTEIN               
   Pattern 1d6o_c00               Query structure     RMSD=  1.22 A  No. of residues =   3
   ------- -------                --------------- 
    A  37    ASP       matches     A 476    ASP  
    A  56    ILE       matches     A 269    ILE  
    A  82    TYR       matches     A 472    TYR  
  TRANSFORM   -0.9778  0.1777  0.1107  0.2067  0.9036  0.3752 -0.0334  0.3898 -0.9203    25.725    31.740    86.805  
 
 Match found in 1m53_c05     ISOMALTULOSE SYNTHASE               
   Pattern 1m53_c05               Query structure     RMSD=  1.22 A  No. of residues =   3
   ------- -------                --------------- 
    A 241    ASP       matches     A 208    ASP  
    A 265    GLU       matches     A 659    GLU  
    A 369    ASP       matches     A 202    ASP  
  TRANSFORM   -0.4934 -0.1341 -0.8594 -0.8533  0.2662  0.4483  0.1687  0.9545 -0.2458    42.790  -105.824  -116.382  
 
 Match found in 1xny_c01     PROPIONYL-COA CARBOXYLASE COMPLEX B 
   Pattern 1xny_c01               Query structure     RMSD=  1.23 A  No. of residues =   3
   ------- -------                --------------- 
    A 420    ALA       matches     A 123    ALA  
    B 182    GLY       matches     A 116    GLY  
    B 183    GLY       matches     A 119    GLY  
  TRANSFORM    0.6158 -0.7701  0.1665  0.4295  0.1509 -0.8904  0.6606  0.6198  0.4237     0.997    30.647    73.588  
 
 Match found in 1m53_c05     ISOMALTULOSE SYNTHASE               
   Pattern 1m53_c05               Query structure     RMSD=  1.23 A  No. of residues =   3
   ------- -------                --------------- 
    A 241    ASP       matches     A 202    ASP  
    A 265    GLU       matches     A 659    GLU  
    A 369    ASP       matches     A 208    ASP  
  TRANSFORM    0.0855 -0.6909  0.7179  0.9680 -0.1131 -0.2241  0.2361  0.7140  0.6591    29.025   -97.950  -124.410  
 
 Match found in 1xny_c01     PROPIONYL-COA CARBOXYLASE COMPLEX B 
   Pattern 1xny_c01               Query structure     RMSD=  1.24 A  No. of residues =   3
   ------- -------                --------------- 
    A 420    ALA       matches     A 312    ALA  
    B 182    GLY       matches     A 119    GLY  
    B 183    GLY       matches     A 116    GLY  
  TRANSFORM    0.6386 -0.4295 -0.6385  0.4140  0.8912 -0.1855  0.6487 -0.1458  0.7470   -56.201   -17.406    40.183  
 
 Match found in 1qrz_c15     PLASMINOGEN                         
   Pattern 1qrz_c15               Query structure     RMSD=  1.24 A  No. of residues =   3
   ------- -------                --------------- 
    D 603    HIS       matches     A 409    HIS  
    D 646    ASP       matches     A 202    ASP  
    D 741    SER       matches     A 513    SER  
  TRANSFORM    0.7095 -0.6485  0.2758 -0.1279  0.2664  0.9553 -0.6930 -0.7131  0.1061    18.316    38.123    45.510  
 
 Match found in 3qwd_o00     ATP-DEPENDENT CLP PROTEASE PROTEOLYT
   Pattern 3qwd_o00               Query structure     RMSD=  1.24 A  No. of residues =   3
   ------- -------                --------------- 
    A  98    SER       matches     A 247    SER  
    A 123    HIS       matches     A 243    HIS  
    A 172    ASP       matches     A 286    ASP  
  TRANSFORM    0.7095 -0.6485  0.2758 -0.1279  0.2664  0.9553 -0.6930 -0.7131  0.1061    18.316    38.123    45.510  
 
 Match found in 3qwd_o00     ATP-DEPENDENT CLP PROTEASE PROTEOLYT
   Pattern 3qwd_o00               Query structure     RMSD=  1.24 A  No. of residues =   3
   ------- -------                --------------- 
    A  98    SER       matches     A 247    SER  
    A 123    HIS       matches     A 243    HIS  
    A 172    ASP       matches     A 286    ASP  
